评论数据(行|人)：946
340 258 5.8 4.4 3.3 2.1
11 17 0.6 1.0 0.8 0.0
857.0 94.0 8.9 1.0 8.5 1.0
220 216 2.1 2.0 1.2 1.1
653.0 76.0 7.5 0.9 7.7 1.0
76 28 2.1 0.8 2.0 0.4
18.0 1234.0 0.2 10.7 0.5 16.6
190.0 286.0 2.3 3.4 2.6 2.6
3.0 0.0 0.1 0.0 0.4 0.0
1667.0 4033.0 4.9 11.9 2.3 7.2
1164.0 91.0 6.4 0.5 2.4 0.5
858 246 4.8 1.4 3.5 1.1
4.0 52.0 0.1 1.4 0.3 1.6
16 0 0.6 0.0 0.7 0.0
29 0 0.9 0.0 1.1 0.0
16 12 0.6 0.4 1.1 0.8
100.0 0.0 2.9 0.0 2.2 0.0
8.0 0.0 0.3 0.0 0.7 0.0
8.0 0.0 0.3 0.0 0.7 0.0
25 52 0.8 1.7 1.4 1.3
303.5 341.0 2.0 2.2 1.1 0.9
12.0 0.0 0.8 0.0 1.3 0.0
137 0 2.0 0.0 0.9 0.0
31 52 0.5 0.9 0.6 0.3
4.0 192.0 0.1 2.6 0.2 3.0
84 0 2.9 0.0 2.3 0.0
189.0 448.0 1.8 4.2 1.4 3.7
4 0 0.6 0.0 0.5 0.0
4 63 0.1 1.7 0.3 0.6
4 0 0.3 0.0 0.5 0.0
4 14 0.2 0.8 0.4 0.4
44 8 1.0 0.2 0.5 0.4
8.0 0.0 0.2 0.0 1.7 0.0
186 0 5.5 0.0 3.7 0.0
4 0 0.2 0.0 0.4 0.0
711 459 5.3 3.4 2.6 2.0
26 0 1.2 0.0 1.2 0.0
91.0 116.0 1.5 2.0 0.7 1.3
8.0 392.0 0.1 4.3 0.4 2.5
12.0 30.0 0.4 1.0 1.0 0.0
466.0 282.0 2.0 1.2 2.9 0.8
190.0 36.0 4.0 0.8 2.5 0.4
25 51 0.5 1.0 1.0 0.6
320.0 239.0 6.7 5.0 5.0 4.4
26 10 0.8 0.3 1.1 0.5
711.0 296.0 4.3 1.8 2.6 0.9
3241 0 17.5 0.0 8.8 0.0
4 39 0.1 1.1 0.3 0.6
14 33 0.4 1.0 0.7 0.2
42.0 0.0 1.4 0.0 0.9 0.0
4.0 34.0 0.1 0.7 0.3 1.0
68 10 1.1 0.2 0.9 0.5
363.0 0.0 2.4 0.0 2.0 0.0
-4.0 0.0 -0.2 0.0 0.4 0.0
152 199 4.6 6.0 2.6 2.8
-18.0 0.0 -0.6 0.0 0.9 0.0
210 0 2.7 0.0 2.0 0.0
210 0 2.7 0.0 2.0 0.0
54 45 0.8 0.7 0.5 0.5
678.0 130.0 7.5 1.4 3.2 1.4
17.0 52.0 0.4 1.1 0.6 1.0
229.0 88.0 3.2 1.2 2.1 1.0
4 0 0.1 0.0 0.3 0.0
859.0 70.0 9.1 0.7 6.8 0.4
-18.0 368.5 -0.2 3.4 0.7 2.3
4.0 22.0 0.1 0.3 0.2 0.7
202.0 16.0 8.1 0.6 3.0 0.5
4 0 0.3 0.0 0.5 0.0
29 9 1.0 0.3 0.5 0.5
719.0 0.0 3.8 0.0 3.4 0.0
64 60 2.9 2.7 1.8 1.7
16 0 0.7 0.0 0.7 0.0
4 22 0.2 1.2 0.4 0.8
45.0 72.0 1.0 1.6 1.5 2.0
145 18 1.9 0.2 1.9 0.4
33 0 0.4 0.0 0.6 0.0
21 0 1.0 0.0 0.6 0.0
115.5 183.0 1.0 1.6 0.5 1.0
236.0 583.0 2.0 4.8 1.3 3.8
199.0 119.0 3.8 2.3 2.0 1.5
4 7 0.3 0.6 0.5 0.5
14 99 0.2 1.8 0.8 1.4
204 347 1.9 3.2 0.6 1.6
88.0 249.0 0.7 1.9 1.8 1.9
91.0 14.0 1.1 0.2 2.1 0.6
31 0 0.9 0.0 0.6 0.0
5.0 0.0 0.3 0.0 1.0 0.0
154.0 504.0 1.2 4.0 1.9 3.7
4 7 0.2 0.3 0.4 0.5
66.0 110.0 1.8 3.1 0.8 2.2
66.0 110.0 1.8 3.1 0.8 2.2
878.0 2196.0 3.2 8.1 2.0 5.0
121 308 1.0 2.5 0.4 1.7
262.0 625.0 2.2 5.2 0.9 3.0
28 10 1.2 0.4 2.0 0.8
69 30 2.0 0.9 1.8 0.8
0.0 67.0 0.0 1.2 0.0 1.9
53162.0 118.0 356.8 0.8 468.2 1.6
90.0 509.0 0.7 3.7 0.9 2.7
36 0 2.1 0.0 1.5 0.0
16 0 0.8 0.0 0.7 0.0
555.0 250.0 5.8 2.6 3.2 1.8
44.0 69.0 0.9 1.4 1.7 0.7
253 360 1.9 2.7 0.6 1.9
-4.0 0.0 -0.2 0.0 0.4 0.0
75 56 2.8 2.1 2.1 1.5
624.0 503.0 3.9 3.2 3.6 3.1
7099 0 31.3 0.0 19.4 0.0
26 0 1.0 0.0 1.0 0.0
5560.5 11888.0 7.6 16.2 5.4 11.2
71 0 1.1 0.0 0.9 0.0
4 0 0.2 0.0 0.4 0.0
1122 105 8.4 0.8 3.9 0.4
91 0 3.1 0.0 1.5 0.0
45 0 1.6 0.0 1.0 0.0
19 20 0.9 1.0 0.7 0.9
4 0 0.2 0.0 0.4 0.0
24.0 0.0 0.7 0.0 1.9 0.0
987.0 109.0 13.3 1.5 10.6 0.8
441.0 351.0 2.6 2.1 3.0 1.4
621.0 582.0 4.3 4.0 3.3 2.7
25.0 0.0 1.9 0.0 1.8 0.0
2.0 0.0 0.2 0.0 0.2 0.0
178 103 2.3 1.3 1.0 1.0
8.0 72.0 0.3 2.7 0.7 0.9
586.0 2168.0 4.9 18.2 2.6 24.3
178.0 75.0 2.0 0.8 1.0 1.3
124 41 2.5 0.8 1.4 0.8
354.5 81.0 3.7 0.9 2.0 0.4
0.0 191.0 0.0 3.8 0.0 1.6
2765.5 344.0 12.9 1.6 11.4 0.5
16.0 845.0 0.1 7.0 0.5 3.8
4 17 0.2 0.8 0.4 0.4
755.0 136.0 8.6 1.5 4.9 0.8
111.0 0.0 3.0 0.0 2.2 0.0
100.0 34.0 2.4 0.8 3.0 1.0
545.0 36.0 5.0 0.3 2.7 0.7
285.0 634.0 2.3 5.2 1.2 3.0
1682.0 322.0 9.7 1.9 5.1 1.2
2919.0 1397.0 13.2 6.3 7.8 5.1
156.0 71.0 1.6 0.7 1.6 0.5
951.0 190.0 10.3 2.1 5.7 1.6
42.0 57.0 0.9 1.2 1.3 1.4
8.0 47.0 0.2 1.3 0.6 1.4
477.0 203.0 8.2 3.5 7.2 2.7
24.0 0.0 0.8 0.0 2.0 0.0
24.0 0.0 0.5 0.0 1.6 0.0
21.0 0.0 0.4 0.0 0.5 0.0
34.0 0.0 0.9 0.0 0.9 0.0
522.0 578.0 4.3 4.8 3.7 3.5
102.0 0.0 1.2 0.0 1.3 0.0
508.0 487.0 3.8 3.6 2.9 3.2
144 13 1.8 0.2 0.5 0.4
0.0 36.0 0.0 1.3 0.0 1.2
228.0 0.0 2.9 0.0 2.8 0.0
66.0 70.0 1.3 1.4 1.8 1.9
42 24 0.6 0.3 1.1 0.5
4 9 0.2 0.5 0.4 0.5
601.0 1212.0 3.6 7.2 2.3 4.3
12.0 57.0 0.2 1.1 0.8 1.5
222.0 0.0 4.7 0.0 5.2 0.0
227.0 317.0 3.3 4.6 1.0 3.4
60 322 0.6 3.0 0.6 2.4
263.0 164.0 4.3 2.7 3.1 2.0
315.0 165.0 2.1 1.1 0.6 1.4
15 72 0.3 1.5 0.6 1.6
288 277 2.7 2.6 2.0 2.2
4 28 0.1 0.8 0.3 0.7
77 239 0.8 2.5 0.5 2.3
77 239 0.8 2.5 0.5 2.3
19 0 0.8 0.0 0.7 0.0
189.0 448.0 1.8 4.2 1.4 3.7
4 0 0.2 0.0 0.4 0.0
220.0 649.0 1.3 3.8 1.7 2.6
83.0 146.0 1.5 2.7 1.8 2.4
296.0 448.0 2.7 4.0 1.4 3.7
67 0 1.5 0.0 1.8 0.0
4 10 0.3 0.7 0.5 0.5
244.0 601.0 2.0 4.9 1.4 3.8
4 0 0.3 0.0 0.5 0.0
4 58 0.1 1.5 0.3 0.7
4 0 0.4 0.0 0.5 0.0
37 6 1.5 0.2 0.9 0.4
13.0 258.0 0.3 5.9 0.6 4.8
4 0 0.1 0.0 0.3 0.0
42 102 1.1 2.7 0.9 1.2
687.0 272.0 5.5 2.2 2.9 3.9
527 301 6.6 3.8 4.2 2.9
96.0 0.0 4.0 0.0 6.7 0.0
527 301 6.6 3.8 4.2 2.9
96.0 0.0 4.0 0.0 6.7 0.0
48.0 21.0 1.1 0.5 0.6 1.1
4.0 68.0 0.1 1.2 0.3 1.2
1509.0 1525.0 9.6 9.7 3.8 4.2
127 52 2.1 0.9 1.4 0.8
4 5 0.3 0.4 0.5 0.5
4 45 0.1 0.9 0.3 0.7
235.0 0.0 5.9 0.0 6.4 0.0
124 65 1.6 0.8 1.3 0.4
68 84 1.4 1.8 1.6 0.5
4 42 0.2 2.5 0.4 1.2
4 0 0.2 0.0 0.4 0.0
4 0 0.1 0.0 0.3 0.0
826.0 1247.0 6.7 10.1 6.5 5.6
37 0 1.4 0.0 0.9 0.0
21.0 172.0 0.6 4.6 1.2 4.3
76.0 0.0 1.8 0.0 2.3 0.0
27 0 0.8 0.0 0.8 0.0
162 0 4.4 0.0 2.7 0.0
137 35 3.5 0.9 2.1 1.4
4 0 0.1 0.0 0.3 0.0
4 30 0.2 1.6 0.4 0.7
374 0 6.2 0.0 3.9 0.0
385.0 49.0 6.6 0.8 5.1 0.4
19 0 0.8 0.0 0.7 0.0
4 19 0.2 0.9 0.4 0.8
12.0 0.0 1.0 0.0 1.4 0.0
34.0 0.0 1.3 0.0 1.2 0.0
224.0 89.5 2.5 1.0 2.8 1.1
24.0 353.0 0.3 4.2 0.8 2.7
67 42 1.8 1.1 1.5 0.6
-56.0 0.0 -0.9 0.0 1.8 0.0
69.0 531.0 0.9 6.7 1.6 3.8
132.0 40.5 2.6 0.8 2.5 1.4
12 12 0.4 0.4 0.7 0.5
4 0 0.4 0.0 0.5 0.0
4 0 0.4 0.0 0.5 0.0
4 0 0.2 0.0 0.4 0.0
22.0 0.0 0.7 0.0 1.1 0.0
13 0 0.7 0.0 0.8 0.0
1207959552.0 133.0 4507311.8 0.5 29784658.1 0.5
1852.0 2087.0 22.3 25.1 12.3 15.0
80 0 3.6 0.0 2.5 0.0
79 0 2.2 0.0 1.2 0.0
145 48 3.2 1.1 2.5 1.0
33 32 0.5 0.5 1.0 0.7
36 32 1.2 1.1 1.2 1.0
665.5 253.0 7.2 2.7 3.2 1.5
68 25 1.9 0.7 1.8 0.7
43.0 238.0 0.5 2.9 1.2 1.3
39.0 110.5 0.8 2.3 1.0 1.7
53 0 1.1 0.0 0.7 0.0
22 0 0.8 0.0 0.8 0.0
136 20 4.4 0.6 2.3 0.5
39 24 1.7 1.0 1.7 1.0
32 0 1.1 0.0 1.5 0.0
32 0 1.1 0.0 1.5 0.0
27 0 1.5 0.0 1.1 0.0
1010.0 1033.5 4.5 4.6 6.0 2.8
132 0 2.9 0.0 2.4 0.0
526.0 458.0 4.6 4.0 4.6 3.5
4 0 0.3 0.0 0.5 0.0
16.0 0.0 0.8 0.0 1.6 0.0
-12.0 0.0 -0.6 0.0 0.5 0.0
898.0 0.0 5.7 0.0 4.7 0.0
4.0 132.0 0.1 2.5 0.3 2.1
33 0 1.1 0.0 1.2 0.0
4 7 0.2 0.4 0.4 0.5
91.0 187.0 1.3 2.7 0.5 3.1
94.0 243.0 1.1 2.8 2.0 1.7
10 0 0.4 0.0 0.8 0.0
432.0 473.0 2.7 3.0 1.3 2.8
405 211 4.3 2.2 3.1 1.7
435.0 307.5 3.2 2.3 2.3 1.6
59.0 183.0 0.6 1.9 0.6 2.0
4.0 15.0 0.1 0.4 0.3 1.1
4 0 0.5 0.0 0.5 0.0
-9.0 0.0 -0.1 0.0 2.2 0.0
211 160 3.8 2.9 3.2 2.4
344 52 4.6 0.7 2.7 0.5
196.0 511.0 1.7 4.4 1.2 3.8
330.0 1595.5 0.8 3.9 1.1 5.8
228.0 565.0 1.9 4.7 1.3 3.8
219 226 4.2 4.3 1.8 2.3
17 32 0.4 0.8 0.7 0.4
613.0 0.0 5.1 0.0 4.6 0.0
24.0 0.0 0.7 0.0 1.9 0.0
103.0 56.0 2.6 1.4 1.0 1.9
16.5 0.0 0.7 0.0 0.5 0.0
6.0 213.0 0.1 2.2 0.2 2.0
219 28 2.8 0.4 1.5 0.5
18 0 0.7 0.0 0.7 0.0
169.0 24.0 2.4 0.3 3.8 0.5
828.0 262.0 8.1 2.6 5.1 1.7
42 26 2.2 1.4 1.6 0.9
40 55 2.0 2.8 2.0 1.8
1054.0 341.0 8.0 2.6 3.8 1.9
47.0 69.0 0.9 1.4 1.8 0.7
198 104 1.6 0.9 1.9 0.8
112.0 0.0 2.5 0.0 5.2 0.0
218.0 98.0 3.3 1.5 1.4 0.7
33 49 0.8 1.3 0.6 1.4
0.0 35.0 0.0 1.1 0.0 0.8
1123.0 865.0 12.6 9.7 7.1 5.1
491.0 0.0 4.3 0.0 3.9 0.0
582.0 330.0 6.3 3.5 5.9 1.7
83 44 3.2 1.7 1.7 0.7
74 151 0.9 1.9 0.4 1.3
279.0 357.0 3.5 4.5 2.0 3.6
491.0 0.0 4.3 0.0 3.9 0.0
491.0 0.0 4.3 0.0 3.9 0.0
73 17 1.8 0.4 0.8 0.5
34 77 0.4 1.0 0.6 0.5
4 0 0.3 0.0 0.4 0.0
117.0 144.0 1.8 2.2 1.6 2.6
56 92 1.4 2.2 3.0 2.8
49.0 0.0 1.5 0.0 0.8 0.0
713.0 0.0 11.9 0.0 21.3 0.0
90 28 2.0 0.6 1.4 0.5
4 0 0.3 0.0 0.4 0.0
32 66 0.6 1.2 1.2 1.1
126.0 20.0 2.8 0.4 2.6 0.8
74 26 2.7 1.0 2.8 1.0
44 0 1.4 0.0 0.9 0.0
98.0 48.0 3.4 1.7 2.6 1.1
16.0 0.0 0.6 0.0 1.4 0.0
20.0 219.0 0.2 2.1 0.5 2.0
1311.0 286.0 11.6 2.5 7.0 1.6
83.0 88.0 2.0 2.1 3.3 2.3
4 0 0.1 0.0 0.3 0.0
4.0 18.0 0.2 1.1 0.4 1.5
4 11 0.2 0.5 0.4 0.5
102 98 2.5 2.4 1.5 1.4
20.0 219.0 0.2 2.1 0.5 2.0
120.0 152.0 1.6 2.0 1.5 2.0
17 0 0.4 0.0 0.7 0.0
111 0 1.9 0.0 0.7 0.0
98.0 0.0 2.3 0.0 2.7 0.0
773.0 1943.0 2.7 6.9 1.2 3.7
215.0 0.0 4.1 0.0 2.4 0.0
240 0 3.9 0.0 3.3 0.0
140 20 4.2 0.6 2.3 0.5
167.0 40.0 1.8 0.4 2.5 0.8
31 14 1.2 0.5 1.1 0.8
37 33 0.4 0.4 0.9 0.5
168 286 1.3 2.2 1.5 1.0
144 98 4.1 2.8 2.9 1.8
801 566 9.4 6.7 5.4 4.9
687 78 9.5 1.1 4.6 1.3
687 78 9.5 1.1 4.6 1.3
12.0 9.0 0.8 0.6 1.3 0.5
222.0 31.0 2.2 0.3 1.2 0.5
4 44 0.1 1.2 0.3 0.6
97 0 2.2 0.0 1.8 0.0
138 0 2.7 0.0 1.3 0.0
52 39 1.0 0.8 0.4 0.4
70.0 21.0 2.3 0.7 2.7 0.5
47 0 1.1 0.0 1.7 0.0
-10.0 0.0 -0.4 0.0 0.7 0.0
41 33 1.3 1.1 0.7 0.9
220.0 44.0 2.3 0.5 3.3 0.8
16 0 1.0 0.0 0.7 0.0
4.0 52.0 0.1 1.0 0.3 1.0
4 0 0.3 0.0 0.5 0.0
4 5 0.1 0.2 0.3 0.4
76 144 1.1 2.0 1.6 1.3
35.0 0.0 0.6 0.0 1.5 0.0
289.0 1844.0 1.6 10.5 2.1 6.5
56.0 25.0 1.3 0.6 1.1 0.5
405.0 434.0 2.6 2.8 1.6 2.1
190.0 66.0 4.6 1.6 2.6 0.8
194 82 2.1 0.9 1.1 0.8
12.0 0.0 0.1 0.0 0.5 0.0
4 0 0.4 0.0 0.5 0.0
103.0 28.0 1.1 0.3 2.6 0.2
4 28 0.1 0.8 0.3 0.7
2896.0 3335.0 9.1 10.4 5.4 6.2
4 14 0.2 0.8 0.4 0.4
414.0 302.5 3.1 2.3 2.1 1.6
540.0 1826.0 2.7 9.2 0.6 7.3
116 0 2.2 0.0 1.3 0.0
4 0 0.2 0.0 0.4 0.0
204.5 85.5 2.7 1.1 1.0 0.5
821 148 7.8 1.4 2.9 1.6
4.0 0.0 0.2 0.0 0.4 0.0
414.0 302.5 3.1 2.3 2.1 1.6
19 0 1.0 0.0 0.6 0.0
9 0 0.6 0.0 0.9 0.0
4 0 0.3 0.0 0.5 0.0
-113.0 0.0 -0.9 0.0 0.3 0.0
67.0 0.0 0.9 0.0 0.3 0.0
85.0 120.0 1.0 1.5 1.4 1.2
71 69 2.2 2.1 1.0 0.8
12.0 0.0 0.4 0.0 1.0 0.0
734.0 229.0 4.5 1.4 3.6 1.1
14.0 169.0 0.3 3.7 0.6 2.8
4.0 104.0 0.1 2.4 0.3 2.2
4 0 0.1 0.0 0.2 0.0
4 0 0.1 0.0 0.2 0.0
-174.0 0.0 -2.4 0.0 2.5 0.0
-4.5 0.0 -0.1 0.0 1.2 0.0
87 203 1.0 2.4 0.6 1.0
296.0 96.0 2.9 1.0 2.6 1.0
4 0 0.2 0.0 0.4 0.0
112 147 1.3 1.8 0.6 1.8
-4.0 161.0 -0.1 3.0 0.3 1.8
51.5 73.0 1.1 1.5 1.7 1.0
1959.0 1773.0 25.1 22.7 15.9 12.5
-4.0 161.0 -0.1 3.0 0.3 1.8
51.5 73.0 1.1 1.5 1.7 1.0
1959.0 1773.0 25.1 22.7 15.9 12.5
30 89 0.6 1.7 1.0 0.5
230 221 2.9 2.8 1.6 1.7
4 28 0.1 0.8 0.3 0.4
17.0 257.0 0.3 4.2 1.0 2.3
680.0 270.0 5.5 2.2 3.8 0.9
8.0 0.0 0.3 0.0 0.7 0.0
652.0 92.0 8.4 1.2 4.6 1.0
4 10 0.2 0.6 0.4 0.5
82 54 2.0 1.4 2.3 0.9
353 0 4.6 0.0 2.2 0.0
74 36 1.5 0.7 1.4 0.4
94.0 73.0 1.4 1.1 1.2 1.2
4 27 0.1 0.8 0.3 0.4
96 39 3.1 1.3 2.3 0.9
38 0 1.1 0.0 0.4 0.0
90 194 0.6 1.3 1.8 1.5
164.0 548.0 1.6 5.5 1.2 5.1
-16.0 0.0 -0.6 0.0 1.4 0.0
3125.0 381.0 14.1 1.7 8.5 1.5
116 44 2.9 1.1 2.3 0.6
158.0 342.0 1.5 3.3 1.5 2.7
853.0 479.0 7.3 4.1 4.4 1.8
3600.0 360.0 15.9 1.6 8.6 1.5
580.0 65.0 7.5 0.8 2.7 1.0
12.0 89.0 0.2 1.4 0.5 1.8
1293 607 6.6 3.1 3.1 1.6
166 136 1.8 1.5 1.3 0.6
84.0 103.0 1.8 2.2 5.1 2.8
4.0 169.0 0.1 2.4 0.2 1.8
-12.0 36.0 -0.2 0.7 0.4 1.2
121 64 1.3 0.7 1.5 1.1
162 154 3.2 3.1 1.1 2.7
213.0 70.0 1.7 0.5 1.0 0.5
1022.0 1096.0 12.8 13.7 11.1 10.5
21 33 0.8 1.2 0.7 0.7
76 144 1.1 2.0 1.6 1.3
197.0 34.0 3.2 0.5 2.8 0.9
4 0 0.1 0.0 0.3 0.0
1621.0 284.0 11.3 2.0 12.1 2.7
136 124 1.5 1.4 1.0 0.7
151 356 1.9 4.4 2.0 4.6
535.0 765.0 4.3 6.1 1.5 4.6
36 22 1.6 1.0 1.7 1.0
312 82 4.9 1.3 2.5 0.8
12.0 0.0 0.3 0.0 0.9 0.0
32 75 0.8 2.0 1.4 1.1
126.0 73.0 1.2 0.7 0.6 0.9
33 10 1.6 0.5 1.0 0.5
136 20 4.4 0.6 2.3 0.5
1174.0 1009.0 8.6 7.4 4.6 4.9
23 0 1.0 0.0 1.2 0.0
35 0 1.1 0.0 1.2 0.0
8.0 0.0 0.3 0.0 0.9 0.0
519 448 3.2 2.8 3.4 1.6
33 10 1.6 0.5 1.0 0.5
136 20 4.4 0.6 2.3 0.5
1174.0 1009.0 8.6 7.4 4.6 4.9
23 0 1.0 0.0 1.2 0.0
35 0 1.1 0.0 1.2 0.0
8.0 0.0 0.3 0.0 0.9 0.0
519 448 3.2 2.8 3.4 1.6
1826.0 474.0 6.0 1.6 2.6 1.8
-14.0 0.0 -0.3 0.0 0.7 0.0
29 0 1.0 0.0 0.5 0.0
3410.0 4000.0 11.1 13.0 13.0 8.9
101.0 6.0 3.6 0.2 1.8 0.4
237 352 2.7 4.0 1.7 1.3
4 0 0.2 0.0 0.4 0.0
33 32 1.3 1.3 1.2 0.7
236 47 3.1 0.6 0.9 0.9
283.0 176.0 2.9 1.8 3.0 1.1
55.0 84.0 1.1 1.7 1.0 0.7
0.0 44.0 0.0 1.1 0.0 0.4
116.0 63.0 1.1 0.6 0.6 0.8
32 10 0.8 0.3 0.6 0.4
308.0 315.0 3.0 3.1 2.3 1.7
2972.0 3264.0 9.9 10.9 7.2 6.0
490 0 3.3 0.0 1.3 0.0
1525.0 474.0 5.1 1.6 2.5 1.8
322.0 0.0 5.6 0.0 2.9 0.0
4 0 0.3 0.0 0.5 0.0
11 19 0.4 0.7 0.7 0.4
138 114 2.6 2.2 1.1 1.2
950.0 763.0 4.0 3.2 2.5 2.4
440.0 16.0 6.7 0.2 2.4 0.4
-18.0 55.0 -0.2 0.5 1.5 0.8
20 51 0.7 1.8 0.7 1.1
903.5 674.0 7.9 5.9 4.6 3.4
44 0 2.0 0.0 1.3 0.0
-20.0 54.0 -0.2 0.5 1.5 0.8
29 27 1.0 0.9 1.5 0.3
-4.0 0.0 -0.3 0.0 0.5 0.0
-4.0 0.0 -0.3 0.0 0.5 0.0
431.0 168.0 3.3 1.3 1.3 0.6
248.0 82.0 5.0 1.6 2.9 1.8
221.0 155.0 2.5 1.7 2.6 1.1
123.0 0.0 3.0 0.0 2.1 0.0
14 0 1.3 0.0 0.6 0.0
4 18 0.2 0.7 0.4 0.5
841.0 0.0 10.1 0.0 5.2 0.0
4 17 0.2 1.0 0.4 0.9
73.0 0.0 1.9 0.0 1.7 0.0
740.0 202.0 9.5 2.6 6.1 1.6
32.0 17.0 1.5 0.8 1.2 0.4
24 0 1.2 0.0 0.4 0.0
136 124 1.5 1.4 1.0 0.7
4 0 0.2 0.0 0.4 0.0
25.0 0.0 1.1 0.0 1.7 0.0
4 0 0.4 0.0 0.5 0.0
21 0 0.9 0.0 0.7 0.0
4 17 0.3 1.3 0.5 0.8
4 10 0.1 0.2 0.3 0.4
4 17 0.3 1.3 0.5 0.8
4 10 0.1 0.2 0.3 0.4
4 9 0.2 0.6 0.4 0.5
-17.0 30.0 -0.3 0.5 1.3 1.3
15.0 88.0 0.2 0.9 0.4 0.3
308.0 355.0 3.6 4.2 1.6 2.0
2884.0 4782.0 9.3 15.4 6.1 9.1
837.0 341.0 4.5 1.8 1.5 1.1
14 79 0.3 2.0 0.9 1.6
4 0 0.2 0.0 0.4 0.0
19.0 14.0 1.2 0.9 1.7 0.3
113 124 1.8 1.9 1.9 1.3
12.0 0.0 0.4 0.0 1.0 0.0
2059.0 3884.0 6.8 12.9 5.5 8.7
4 0 0.3 0.0 0.5 0.0
1245 216 14.6 2.5 9.8 1.2
338.0 235.0 4.1 2.9 3.4 1.7
4 0 0.1 0.0 0.2 0.0
103 194 2.1 4.0 1.4 3.0
208.0 59.0 1.8 0.5 1.3 0.5
1664.0 13.0 14.0 0.1 7.2 0.3
7 0 0.2 0.0 0.4 0.0
58.0 235.0 0.7 2.7 0.5 4.5
72 22 3.4 1.0 2.0 1.0
485.0 0.0 5.3 0.0 2.3 0.0
756.0 40.0 8.3 0.4 3.7 0.5
66 264 0.9 3.6 0.4 2.4
36 20 1.7 1.0 1.6 0.2
12 0 0.4 0.0 0.7 0.0
374.5 47.0 3.6 0.5 3.7 1.0
4 0 0.3 0.0 0.5 0.0
4.0 85.0 0.1 1.9 0.3 1.6
4 0 0.1 0.0 0.3 0.0
3.0 0.0 0.1 0.0 1.4 0.0
226.0 64.0 1.9 0.5 1.3 0.5
44 0 1.5 0.0 0.8 0.0
5955.0 5058.0 18.3 15.5 15.7 12.9
4 21 0.2 1.2 0.4 0.6
353 0 4.2 0.0 4.5 0.0
532.5 397.0 4.6 3.4 2.1 1.5
19.0 0.0 0.3 0.0 1.0 0.0
443 100 6.4 1.4 3.6 1.4
90.0 179.0 1.7 3.3 0.9 3.3
1956.0 505.0 14.8 3.8 9.0 2.5
13 0 0.3 0.0 0.7 0.0
30.0 0.0 1.2 0.0 1.2 0.0
213.0 70.0 1.7 0.6 1.0 0.5
19 0 1.1 0.0 0.6 0.0
473.0 246.0 4.2 2.2 3.1 0.8
4 0 0.2 0.0 0.4 0.0
6 0 0.2 0.0 0.4 0.0
136 20 4.4 0.6 2.3 0.5
116.0 269.0 1.2 2.7 2.4 3.8
0.0 195.0 0.0 2.2 0.0 2.6
350.0 31.0 5.1 0.4 2.7 0.5
14 20 0.7 1.0 0.8 0.0
13 0 0.8 0.0 0.8 0.0
22 0 1.5 0.0 1.1 0.0
479.0 31.0 6.5 0.4 4.4 0.5
58 0 1.6 0.0 1.3 0.0
71.0 57.0 2.2 1.8 1.7 1.5
179.0 174.0 3.4 3.3 1.7 1.8
70 35 2.6 1.3 1.9 0.6
74 0 2.3 0.0 1.9 0.0
162 154 3.2 3.1 1.1 2.7
4 0 0.2 0.0 0.4 0.0
22 25 0.5 0.6 1.0 1.2
4 23 0.2 1.0 0.4 0.7
87.0 57.0 2.1 1.4 2.2 1.3
623.0 254.0 5.2 2.1 3.5 0.9
13 0 0.4 0.0 0.7 0.0
12 0 0.7 0.0 0.8 0.0
410.0 195.0 3.5 1.7 3.0 1.3
36.0 0.0 1.7 0.0 3.5 0.0
48.0 72.0 2.7 4.0 2.8 4.3
48.0 72.0 2.7 4.0 2.8 4.3
143 40 2.5 0.7 1.3 0.5
4 0 0.1 0.0 0.3 0.0
10 0 0.4 0.0 0.7 0.0
157.0 86.0 3.5 1.9 1.7 1.4
48.0 54.0 1.0 1.1 1.7 0.7
38 33 1.1 0.9 0.4 0.8
18 51 0.4 1.2 0.7 1.2
181.0 90.0 3.2 1.6 1.8 1.6
103 194 2.1 4.0 1.4 3.0
103 194 2.1 4.0 1.4 3.0
267.0 265.0 2.8 2.8 2.6 1.3
11 0 0.4 0.0 0.7 0.0
4 18 0.2 0.8 0.4 0.4
14 32 0.4 0.9 0.7 0.3
4108.0 2526.0 22.3 13.7 26.8 9.1
4 51 0.1 1.1 0.3 0.8
4 0 0.1 0.0 0.3 0.0
37 35 1.0 0.9 0.9 0.7
12.0 188.0 0.2 3.4 0.8 3.0
965.0 666.0 6.2 4.3 4.3 2.4
4 0 0.3 0.0 0.5 0.0
4 0 0.1 0.0 0.4 0.0
4 0 0.1 0.0 0.3 0.0
32.0 0.0 0.9 0.0 1.1 0.0
16.0 0.0 0.8 0.0 1.6 0.0
20.0 0.0 0.7 0.0 1.1 0.0
1063.25 1121.0 4.1 4.3 3.2 2.2
17 31 0.9 1.6 0.7 0.7
4 0 0.2 0.0 0.4 0.0
138.0 621.0 1.3 6.0 2.5 3.3
570.0 1496.0 3.3 8.6 1.5 5.1
159.0 520.0 1.1 3.6 1.3 2.9
103 194 2.1 4.0 1.4 3.0
0.0 32.0 0.0 1.1 0.0 0.3
16 23 1.0 1.4 0.7 0.8
41 0 2.0 0.0 2.0 0.0
4 0 0.3 0.0 0.4 0.0
4 8 0.2 0.4 0.4 0.5
57.0 0.0 0.8 0.0 0.5 0.0
4 0 0.1 0.0 0.3 0.0
89 96 1.6 1.8 1.8 1.6
34.0 281.0 0.3 2.8 0.8 1.9
130.0 27.0 3.0 0.6 2.0 0.5
80.0 0.0 1.6 0.0 1.8 0.0
4 0 0.3 0.0 0.4 0.0
1329.0 235.0 9.7 1.7 7.2 0.6
401.0 229.0 2.8 1.6 2.8 1.3
20 0 0.8 0.0 0.7 0.0
25.0 36.0 0.7 0.9 1.2 0.2
1202.0 719.0 6.5 3.9 3.1 2.9
24.0 44.0 0.9 1.6 1.4 0.5
184.0 35.0 4.4 0.8 3.1 0.9
85.0 21.0 1.8 0.5 1.5 0.5
34.0 42.0 1.4 1.8 2.0 2.5
12.0 0.0 0.5 0.0 1.1 0.0
1913 838 8.4 3.7 4.8 2.9
1913 838 8.4 3.7 4.8 2.9
576.0 282.0 4.6 2.3 3.6 0.9
142.0 386.0 0.9 2.5 1.6 2.5
68 16 1.0 0.2 1.8 0.4
45 0 2.2 0.0 1.8 0.0
256.0 455.0 3.0 5.4 4.1 5.3
48 0 2.0 0.0 1.9 0.0
4 0 0.1 0.0 0.3 0.0
64.0 60.0 1.1 1.0 1.2 0.0
4.0 80.5 0.1 1.8 0.3 1.2
98 113 2.1 2.5 2.9 2.6
47 0 1.4 0.0 1.9 0.0
25 10 1.3 0.5 1.1 0.5
363 27 7.4 0.6 4.0 0.5
446.0 197.0 6.0 2.7 5.3 1.6
205 198 3.9 3.8 1.6 3.0
48 9 1.8 0.3 1.3 0.5
218.0 211.0 3.2 3.1 1.8 2.7
311.0 575.0 3.0 5.5 3.4 5.4
200 318 1.7 2.7 1.5 2.3
365.0 288.0 4.5 3.6 2.1 1.8
757.0 896.0 7.9 9.3 7.3 5.3
344 381 3.8 4.2 1.5 1.4
562.0 908.0 4.6 7.4 2.9 4.3
172.0 142.0 2.2 1.8 2.2 1.7
627.0 3264.0 3.4 17.6 1.9 16.5
4.0 241.0 0.1 3.6 0.2 2.8
562.0 222.0 5.7 2.2 3.1 0.8
69.0 77.0 1.1 1.2 1.7 0.5
537.0 266.0 4.6 2.3 3.5 0.8
48.0 0.0 1.5 0.0 4.0 0.0
31 200 0.3 2.0 0.6 1.4
298.0 204.0 3.4 2.3 1.2 1.1
248.0 23.0 3.1 0.3 2.4 0.5
14 10 1.1 0.8 1.4 1.0
168.0 335.0 2.9 5.8 1.5 3.8
56 237 0.8 3.4 0.5 1.9
298.0 204.0 3.4 2.3 1.2 1.1
248.0 23.0 3.1 0.3 2.4 0.5
14 10 1.1 0.8 1.4 1.0
168.0 335.0 2.9 5.8 1.5 3.8
56 237 0.8 3.4 0.5 1.9
34 0 1.6 0.0 1.0 0.0
5038.0 2900.0 14.9 8.6 4.6 5.5
121.0 73.0 1.1 0.7 0.7 0.9
0.0 999.0 0.0 6.8 0.0 5.2
546.0 270.0 4.5 2.2 3.5 0.9
148 463 1.1 3.3 1.5 1.7
190.0 268.0 2.9 4.1 3.3 2.5
148 463 1.1 3.3 1.5 1.7
189.0 26.0 1.9 0.3 1.4 0.4
53 174 1.1 3.5 1.1 2.6
221.0 0.0 4.1 0.0 2.1 0.0
232.0 114.0 2.5 1.2 1.9 1.2
77.0 43.0 1.0 0.6 0.7 0.8
11 0 0.8 0.0 0.9 0.0
4 0 0.7 0.0 0.5 0.0
4 67 0.1 1.9 0.3 1.4
4 0 0.1 0.0 0.3 0.0
797.0 85.0 3.4 0.4 2.6 0.5
43.0 171.0 0.7 2.7 0.6 3.0
138 133 2.0 1.9 1.2 1.2
124.0 0.0 3.6 0.0 2.6 0.0
366.75 376.0 4.0 4.1 4.0 3.9
1228.0 376.0 12.2 3.7 4.4 3.0
335.0 1470.0 1.5 6.6 0.9 5.5
-5.0 0.0 -0.2 0.0 0.8 0.0
24.0 48.0 0.5 0.9 1.6 0.3
4 6 0.2 0.4 0.4 0.5
136 20 4.4 0.6 2.3 0.5
46 0 1.5 0.0 1.9 0.0
40 62 0.6 1.0 0.9 0.9
58 0 1.6 0.0 1.3 0.0
332 158 4.9 2.3 2.4 1.0
173 108 4.6 2.8 2.0 1.3
4 9 0.2 0.5 0.4 0.5
73 0 2.1 0.0 1.8 0.0
128.0 78.0 3.4 2.1 3.8 2.2
16 6 1.3 0.5 0.5 0.5
2290.0 76.0 13.1 0.4 18.1 0.8
43 6 1.0 0.1 0.5 0.3
240.0 143.0 2.9 1.7 3.2 1.2
58 0 1.6 0.0 1.3 0.0
88.0 108.0 2.7 3.3 1.8 1.1
695.0 110.0 8.7 1.4 4.1 1.3
36.0 12.0 0.9 0.3 0.5 0.7
214.0 71.0 1.7 0.6 1.0 0.5
4 14 0.2 0.7 0.4 0.5
759.0 1234.0 8.5 13.9 4.0 7.8
140 20 4.2 0.6 2.3 0.5
670.0 767.5 4.5 5.1 2.0 4.0
192.0 0.0 3.8 0.0 4.9 0.0
11.0 110.0 0.3 3.1 0.7 1.7
27.0 107.5 0.5 2.0 1.0 0.7
-78.0 0.0 -1.3 0.0 2.3 0.0
670.0 767.5 4.5 5.1 2.0 4.0
73.0 78.0 2.2 2.4 1.4 1.9
886.0 557.0 6.1 3.8 3.5 1.5
158 263 1.9 3.1 3.5 3.8
46.0 128.0 0.7 2.0 1.4 2.0
524.0 880.0 4.4 7.3 2.5 4.3
94 59 2.7 1.7 1.1 1.2
55.0 19.0 1.8 0.6 1.4 1.1
4 5 0.2 0.3 0.4 0.4
111 86 1.7 1.3 1.7 1.1
-56.0 180.0 -0.9 2.9 1.7 3.6
127.0 59.0 1.3 0.6 1.4 0.5
74 151 0.9 1.9 0.4 1.3
316.0 214.0 4.1 2.8 3.2 2.2
741.0 59.0 5.3 0.4 3.8 0.5
232 9 4.6 0.2 2.6 0.4
32.0 0.0 0.6 0.0 2.1 0.0
87.0 30.0 3.2 1.1 2.4 0.6
12.0 23.0 0.2 0.4 0.8 0.5
4 16 0.2 0.9 0.4 0.2
39.5 0.0 1.0 0.0 1.3 0.0
4 23 0.2 1.0 0.4 0.0
4 24 0.1 0.8 0.3 0.4
268.0 308.0 3.3 3.8 3.0 1.9
4.0 111.0 0.1 2.8 0.3 2.4
245.0 300.0 4.5 5.6 2.1 6.0
135.0 10.0 2.3 0.2 1.9 0.6
0.0 601.0 0.0 6.8 0.0 4.7
0.0 144.0 0.0 1.3 0.0 2.6
21 0 0.5 0.0 0.7 0.0
672.0 1116.0 3.8 6.3 3.7 5.1
4 13 0.3 0.9 0.5 0.3
377 193 5.6 2.9 2.5 1.3
12.0 0.0 0.5 0.0 1.1 0.0
86 60 0.9 0.7 0.4 0.5
83 0 2.4 0.0 1.6 0.0
36.0 0.0 0.9 0.0 1.7 0.0
1143.0 411.0 10.0 3.6 6.4 2.2
67 0 1.9 0.0 1.5 0.0
1143.0 411.0 10.0 3.6 6.4 2.2
67 0 1.9 0.0 1.5 0.0
723.0 264.0 7.9 2.9 5.5 1.8
2149.0 1653.0 17.2 13.2 11.2 7.1
130.0 34.0 3.0 0.8 1.2 1.0
670.0 767.5 4.5 5.1 2.0 4.0
23712.0 846.0 61.3 2.2 35.8 4.1
0.0 25.0 0.0 0.9 0.0 0.6
43 57 1.0 1.3 0.8 1.4
163.0 60.0 3.5 1.3 3.7 1.3
16 45 0.3 0.8 0.6 1.0
11 0 0.4 0.0 0.8 0.0
66.0 129.0 0.9 1.7 1.0 1.0
8.0 30.0 0.3 1.0 0.7 1.0
33.0 66.0 1.2 2.4 1.0 1.2
54 161 0.6 1.8 0.9 1.2
1553.0 259.0 12.9 2.2 6.9 1.6
304.0 311.0 3.8 3.8 4.3 4.3
198.0 177.0 2.1 1.9 2.4 1.7
196.0 48.0 2.6 0.6 1.0 0.6
89 26 3.2 0.9 2.5 0.3
262 57 2.9 0.6 1.8 0.5
30.0 0.0 1.4 0.0 1.3 0.0
928.0 26.0 9.2 0.3 6.0 0.4
138.0 75.0 1.4 0.7 0.9 0.9
12.0 0.0 0.3 0.0 0.9 0.0
4.0 53.5 0.1 1.6 0.3 1.0
17 17 0.9 0.9 0.7 0.3
2219.0 702.0 12.3 3.9 5.8 4.7
4 0 0.3 0.0 0.5 0.0
14 9 1.0 0.6 0.8 0.5
113.0 219.0 1.2 2.3 0.9 1.3
17 15 0.5 0.5 0.7 0.5
6.0 722.0 0.0 4.3 0.2 4.9
20.0 68.0 0.4 1.3 0.9 0.9
3.0 9.0 0.1 0.3 0.4 0.5
58.0 10.0 1.8 0.3 1.6 0.5
220.0 922.0 1.1 4.5 0.9 2.8
4 0 0.1 0.0 0.3 0.0
4 50 0.1 1.2 0.3 0.5
-16.0 24.0 -0.5 0.8 0.5 0.9
28.5 101.0 0.4 1.3 1.1 0.5
4223.0 94.0 29.1 0.6 16.1 0.8
1650.0 232.0 11.6 1.6 12.8 1.2
0.0 160.0 0.0 2.8 0.0 3.1
336.0 305.0 3.3 3.0 3.0 1.5
64.0 46.0 2.1 1.5 1.6 0.9
124.0 0.0 3.9 0.0 3.8 0.0
11.0 702.0 0.1 7.8 0.4 19.0
97.0 141.0 2.0 2.9 1.4 1.8
4 0 0.4 0.0 0.5 0.0
899.0 209.0 6.0 1.4 3.6 1.8
336.0 305.0 3.3 3.0 3.0 1.5
64.0 46.0 2.1 1.5 1.6 0.9
124.0 0.0 3.9 0.0 3.8 0.0
11.0 702.0 0.1 7.8 0.4 19.0
97.0 141.0 2.0 2.9 1.4 1.8
4 0 0.4 0.0 0.5 0.0
899.0 209.0 6.0 1.4 3.6 1.8
148.0 0.0 1.9 0.0 1.6 0.0
4.0 83.0 0.1 1.9 0.3 2.0
220 307 3.2 4.4 3.1 2.8
63.0 132.0 0.7 1.4 1.0 1.0
829.0 495.0 1.9 1.1 0.9 0.6
4 6 0.3 0.5 0.5 0.5
396.0 232.0 3.4 2.0 1.5 1.4
479.0 69.0 4.2 0.6 2.7 1.1
72.0 77.0 1.8 1.9 1.9 0.3
4 0 0.3 0.0 0.5 0.0
624.0 186.0 5.9 1.8 2.3 1.7
189.0 26.0 1.9 0.3 1.4 0.4
1528.0 1755.0 5.5 6.3 4.4 6.8
30 0 0.6 0.0 1.0 0.0
11 0 0.6 0.0 0.8 0.0
223 37 5.1 0.8 3.3 0.6
4 134 0.1 4.1 0.3 1.7
354.0 0.0 4.9 0.0 3.6 0.0
7.0 32.0 0.2 0.9 0.4 0.2
153.0 0.0 4.2 0.0 4.2 0.0
673.0 977.0 3.9 5.6 4.3 4.2
166 148 5.7 5.1 3.8 3.2
14.0 148.0 0.2 2.4 0.6 1.7
65 38 1.8 1.1 1.9 1.0
70 100 2.3 3.2 1.1 1.2
691.0 672.0 4.4 4.3 2.9 3.0
4 46 0.1 1.5 0.3 0.7
32 0 1.9 0.0 1.6 0.0
536.0 672.0 3.4 4.2 2.8 3.0
4 0 0.4 0.0 0.5 0.0
4 0 0.2 0.0 0.4 0.0
4.0 54.0 0.1 0.8 0.2 0.7
691.0 672.0 4.4 4.3 2.9 3.0
4 46 0.1 1.5 0.3 0.7
32 0 1.9 0.0 1.6 0.0
536.0 672.0 3.4 4.2 2.8 3.0
4 0 0.4 0.0 0.5 0.0
4 0 0.2 0.0 0.4 0.0
4.0 54.0 0.1 0.8 0.2 0.7
4 0 0.5 0.0 0.5 0.0
60.0 11.0 0.9 0.2 1.1 0.4
12.0 0.0 0.8 0.0 1.3 0.0
38.0 0.0 2.0 0.0 1.6 0.0
74 105 2.3 3.3 1.1 1.2
182 58 2.2 0.7 1.1 0.7
82.0 176.0 2.3 4.9 1.6 2.8
4.0 245.0 0.0 2.8 0.2 1.6
171 94 4.2 2.3 2.7 1.5
46 20 1.0 0.4 1.0 0.5
82.0 176.0 2.3 4.9 1.6 2.8
12.0 0.0 0.3 0.0 0.9 0.0
1584.0 60.0 18.2 0.7 11.7 0.5
996.0 739.0 6.2 4.6 8.3 4.0
41.0 33.0 0.6 0.5 1.1 0.1
104 97 2.1 1.9 2.0 0.2
363.0 4.5 6.2 0.1 2.5 0.2
245.5 224.0 2.8 2.5 2.1 1.4
288 0 5.3 0.0 2.6 0.0
325.0 379.0 2.2 2.6 2.5 1.7
481.0 662.0 4.3 5.9 2.0 4.0
356.0 204.0 4.6 2.6 2.6 1.5
12.0 34.0 0.4 1.0 1.0 1.0
20.0 24.0 1.1 1.3 0.6 1.1
3281.0 1943.0 11.5 6.8 6.1 4.6
138 144 1.1 1.2 0.6 0.9
64 0 1.8 0.0 1.3 0.0
8.0 0.0 0.2 0.0 1.2 0.0
128.0 49.0 2.2 0.9 1.3 0.8
617.0 220.0 6.9 2.5 5.6 1.1
4 8 0.3 0.6 0.5 0.5
189.0 26.0 1.9 0.3 1.4 0.4
-4.0 0.0 -0.2 0.0 0.4 0.0
4 8 0.3 0.6 0.5 0.5
189.0 26.0 1.9 0.3 1.4 0.4
-4.0 0.0 -0.2 0.0 0.4 0.0
190.0 134.0 1.9 1.3 0.9 2.0
7.5 90.5 0.2 2.7 0.5 1.6
136 20 4.4 0.6 2.3 0.5
32 55 0.5 0.8 1.1 0.4
25 32 0.7 0.9 1.0 0.3
2124.0 3280.0 9.2 14.3 5.6 8.3
4 15 0.2 0.8 0.4 0.4
152.0 455.0 1.2 3.6 2.6 2.8
110.5 0.0 2.1 0.0 1.3 0.0
422.0 0.0 6.5 0.0 6.4 0.0
0.0 32.0 0.0 1.1 0.0 0.3
35 0 1.9 0.0 1.5 0.0
-32.0 0.0 -1.2 0.0 1.7 0.0
53 24 2.3 1.0 2.4 1.0
33.0 84.0 1.1 2.7 1.0 0.9
349 261 4.3 3.2 1.4 1.3
34 72 0.7 1.5 0.6 1.4
119.0 47.0 2.3 0.9 2.7 0.3
9 0 0.4 0.0 0.8 0.0
26.0 53.0 0.8 1.7 1.8 2.4
14 66 0.7 3.1 1.2 1.9
49.0 13.0 1.8 0.5 1.7 0.5
48 32 2.4 1.6 1.4 0.8
4 0 0.1 0.0 0.3 0.0
4 0 0.5 0.0 0.5 0.0
24.0 38.0 1.0 1.5 2.2 0.9
51.0 0.0 2.4 0.0 2.5 0.0
4 0 0.2 0.0 0.4 0.0
828.0 1485.0 4.9 8.8 2.8 5.1
57.0 1162.0 0.4 8.3 1.1 8.8
12.0 157.0 0.3 3.4 0.6 2.7
850.0 36.0 26.6 1.1 39.4 2.2
