评论数据(行|人)：1091
9 0 0.5 0.0 0.8 0.0
151 0 3.1 0.0 1.5 0.0
207.0 202.0 3.0 3.0 1.7 1.4
14 11 0.6 0.5 0.8 0.5
55 37 1.3 0.9 0.7 0.3
40.0 126.0 0.8 2.5 1.7 1.7
186.0 39.0 2.0 0.4 1.5 0.5
370.0 466.0 5.9 7.4 5.8 4.8
88 26 1.2 0.4 0.6 0.6
21 0 1.9 0.0 1.0 0.0
4.0 56.0 0.2 2.2 0.4 2.0
0.0 67.0 0.0 1.2 0.0 1.9
79.0 0.0 1.6 0.0 1.6 0.0
0.0 68.0 0.0 1.2 0.0 0.8
116.0 0.0 2.7 0.0 2.4 0.0
29 0 1.0 0.0 1.5 0.0
45 10 1.4 0.3 1.3 0.5
55.0 31.0 2.6 1.5 1.4 0.6
0.0 389.0 0.0 4.1 0.0 3.7
-19.0 70.0 -0.4 1.4 0.6 1.9
4 0 0.2 0.0 0.4 0.0
84.0 630.0 0.8 6.2 1.6 6.3
24.0 0.0 0.5 0.0 1.6 0.0
19 5 0.8 0.2 0.7 0.4
94.0 243.0 1.1 2.8 2.0 1.7
11 0 0.5 0.0 0.8 0.0
13 21 0.3 0.5 0.6 0.5
4 11 0.3 0.8 0.5 0.4
4 0 0.4 0.0 0.5 0.0
4 45 0.1 1.1 0.3 1.0
239.0 62.0 3.7 1.0 3.4 1.0
2003 1169 17.0 9.9 14.5 9.4
85 110 1.0 1.2 1.9 0.9
964 375 8.8 3.4 3.6 2.1
139.0 25.0 3.9 0.7 4.0 0.8
-44.0 0.0 -1.1 0.0 1.7 0.0
1075.0 202.0 10.5 2.0 7.3 1.9
133.0 324.0 1.7 4.2 1.4 2.4
808.0 89.0 12.6 1.4 7.2 0.8
5.0 120.0 0.2 4.4 0.4 2.4
189.0 55.0 2.2 0.6 0.7 0.8
4.0 20.0 0.1 0.6 0.3 1.0
966.0 366.0 8.6 3.3 4.0 2.9
-8.0 0.0 -0.3 0.0 0.7 0.0
190.0 40.0 4.8 1.0 3.4 1.0
47.0 102.0 0.5 1.1 0.5 1.2
591.0 755.0 5.5 7.1 3.6 3.2
195.0 148.0 2.4 1.8 1.8 2.1
192.0 199.0 3.3 3.4 2.5 3.0
12.0 19.0 0.2 0.3 0.7 0.5
583.0 72.0 6.6 0.8 2.8 1.3
0 0 0.0 0.0 0.0 0.0
106.0 22.0 1.9 0.4 1.9 0.8
14 29 0.3 0.6 0.9 0.9
10.0 59.0 0.3 1.7 0.7 1.4
51.0 0.0 1.8 0.0 2.4 0.0
20 21 0.3 0.3 0.6 0.5
40.0 523.0 0.4 5.3 1.3 5.0
87.0 30.0 3.2 1.1 2.4 0.6
31.0 169.0 0.3 1.7 1.0 0.6
26.0 148.0 0.4 2.6 0.5 1.2
22.0 0.0 1.5 0.0 1.6 0.0
4 0 0.2 0.0 0.4 0.0
73.0 57.0 2.5 2.0 1.7 0.2
37.0 0.0 0.9 0.0 1.1 0.0
4 0 0.2 0.0 0.4 0.0
0.0 36.0 0.0 1.1 0.0 1.6
44.0 0.0 1.1 0.0 1.8 0.0
330.0 147.0 3.2 1.4 2.8 0.7
11 115 0.3 2.9 0.6 1.2
4 80 0.1 1.6 0.3 1.3
12.0 0.0 0.6 0.0 1.2 0.0
47 73 0.8 1.2 0.5 1.2
16 0 0.9 0.0 0.7 0.0
-8.0 0.0 -0.4 0.0 0.8 0.0
253 208 2.6 2.1 1.3 1.6
22.0 496.0 0.2 5.0 0.7 5.0
55.0 84.0 1.5 2.3 2.0 2.2
6 0 0.3 0.0 0.4 0.0
16 13 0.9 0.7 0.7 0.4
0.0 15.5 0.0 0.3 0.0 0.4
245.0 164.0 3.6 2.4 2.8 3.5
44 0 2.3 0.0 1.4 0.0
126.0 188.0 1.4 2.0 1.1 1.9
113.0 100.0 1.5 1.4 1.2 0.5
-14.0 0.0 -0.1 0.0 0.5 0.0
4 28 0.1 1.0 0.3 0.8
9.0 56.0 0.2 1.1 0.5 0.7
32.0 28.0 1.0 0.9 1.5 1.0
18 0 1.2 0.0 0.5 0.0
8.0 114.0 0.1 1.5 0.4 1.2
132 70 1.8 0.9 1.8 0.9
21 18 1.0 0.9 0.6 0.3
48.0 0.0 0.6 0.0 0.8 0.0
85 0 1.4 0.0 2.5 0.0
4 115 0.1 3.1 0.3 0.9
217.0 0.0 2.3 0.0 1.8 0.0
-8.0 0.0 -0.2 0.0 1.2 0.0
186.0 365.0 2.9 5.7 2.6 2.9
442 456 9.0 9.3 8.2 8.5
35 0 1.6 0.0 1.5 0.0
94.0 31.0 2.4 0.8 2.0 0.4
76.0 0.0 2.4 0.0 1.0 0.0
11 0 0.3 0.0 0.7 0.0
204.0 551.0 2.3 6.1 4.5 6.5
37.0 0.0 1.6 0.0 1.7 0.0
44 90 0.5 1.0 1.1 0.8
434.0 120.0 6.9 1.9 3.1 0.9
233.0 377.0 2.4 3.8 1.8 1.9
335.0 62.0 3.2 0.6 3.1 0.9
147.0 45.0 3.6 1.1 2.5 0.7
-4.0 0.0 -0.1 0.0 0.3 0.0
110 14 4.4 0.6 3.4 0.5
4 0 0.3 0.0 0.5 0.0
14.0 223.0 0.2 3.0 0.5 2.9
1408.0 154.0 20.1 2.2 12.3 2.4
4 7 0.5 0.9 0.5 0.3
4.0 51.0 0.1 1.2 0.3 1.5
407.0 175.0 6.8 2.9 3.6 1.6
361 674 3.6 6.7 5.8 6.1
298.0 0.0 9.3 0.0 4.3 0.0
4 0 0.2 0.0 0.4 0.0
54 32 0.9 0.5 1.8 1.3
1613.0 272.0 16.1 2.7 10.1 2.3
25 0 1.0 0.0 0.6 0.0
116.0 1075.0 1.1 10.5 1.8 29.9
43 16 1.6 0.6 1.3 0.5
2.0 94.0 0.0 1.6 0.1 1.4
-4.0 0.0 -0.1 0.0 0.4 0.0
20 46 0.3 0.7 0.6 0.5
14 18 0.3 0.3 0.8 0.9
4 0 0.7 0.0 0.5 0.0
4 0 0.2 0.0 0.4 0.0
151.0 108.0 3.1 2.2 2.9 1.6
170.0 128.0 1.7 1.3 1.3 0.8
10.5 0.0 0.4 0.0 0.5 0.0
120.0 102.0 1.3 1.1 1.1 1.5
460.0 114.0 4.3 1.1 2.6 1.2
4 54 0.1 0.9 0.2 0.8
212.0 183.0 3.9 3.4 2.6 1.9
62 0 1.9 0.0 2.3 0.0
42 25 1.1 0.6 0.3 0.5
14 12 0.3 0.2 0.6 0.4
75.0 0.0 2.6 0.0 1.9 0.0
11 20 0.2 0.4 0.6 0.8
46 0 0.9 0.0 1.6 0.0
88 0 2.7 0.0 0.9 0.0
16.0 0.0 0.5 0.0 1.4 0.0
66 16 1.7 0.4 1.5 0.5
205.0 111.0 2.9 1.6 1.5 0.7
23 0 1.0 0.0 0.6 0.0
844.0 582.0 9.1 6.3 4.1 2.4
258.0 0.0 8.3 0.0 6.2 0.0
28 0 1.4 0.0 1.0 0.0
270.0 117.0 2.9 1.3 2.5 0.9
4 6 0.2 0.2 0.4 0.4
12.0 456.0 0.2 7.2 0.7 7.0
4 12 0.2 0.6 0.4 0.5
58.0 31.0 0.9 0.5 0.9 0.8
63 107 1.5 2.5 0.8 1.3
562 525 12.0 11.2 10.3 10.3
308.0 253.0 3.3 2.8 1.5 0.9
83.0 23.0 2.0 0.5 1.1 0.5
79.0 25.0 2.5 0.8 1.5 0.8
2.0 0.0 0.1 0.0 0.2 0.0
274.0 0.0 4.2 0.0 3.9 0.0
4 0 0.4 0.0 0.5 0.0
4 8 0.1 0.3 0.3 0.5
120.0 234.0 1.9 3.7 0.3 1.8
62 0 2.2 0.0 1.9 0.0
11 0 0.3 0.0 0.7 0.0
160.0 0.0 4.0 0.0 3.6 0.0
190.0 0.0 4.5 0.0 3.1 0.0
12.0 0.0 0.2 0.0 0.7 0.0
138.0 0.0 2.2 0.0 2.1 0.0
68 26 2.0 0.8 2.5 1.0
16.0 0.0 0.3 0.0 1.1 0.0
13.0 20.0 0.5 0.8 0.5 0.4
15.0 60.0 0.8 3.0 0.8 1.5
35 0 1.8 0.0 1.6 0.0
12.0 38.0 0.2 0.6 0.7 0.5
4.0 10.0 0.2 0.6 0.4 0.9
41.0 26.0 1.0 0.6 1.3 0.9
88.0 30.0 1.6 0.6 1.6 1.0
96.0 15.0 1.0 0.2 0.9 0.4
354.0 18.0 3.6 0.2 1.4 0.4
73 39 3.3 1.8 2.5 1.4
-32.0 105.0 -0.5 1.5 0.7 1.7
29 52 0.5 1.0 0.7 0.1
70.0 0.0 0.9 0.0 2.0 0.0
74 0 1.5 0.0 1.4 0.0
22.0 13285.0 0.2 132.8 0.7 243.1
4 19 0.1 0.7 0.3 0.5
4 0 0.2 0.0 0.4 0.0
165.0 207.0 1.8 2.2 2.6 2.9
387 534 5.5 7.6 3.4 3.8
169.0 67.0 1.8 0.7 1.5 0.7
4.0 32.0 0.1 0.8 0.3 1.0
4 24 0.2 1.0 0.4 0.2
-4.0 19.0 -0.1 0.4 1.0 0.7
24 0 1.1 0.0 1.1 0.0
119.0 124.0 4.1 4.3 2.5 2.8
-18.0 0.0 -0.5 0.0 0.6 0.0
105 104 5.0 5.0 3.1 3.1
13 0 0.9 0.0 0.8 0.0
17 0 0.6 0.0 0.7 0.0
60.0 230.0 0.8 3.2 0.4 2.0
170 211 3.3 4.1 3.1 3.8
38.0 0.0 0.5 0.0 1.0 0.0
4 12 0.2 0.5 0.4 0.5
38.0 9.0 0.6 0.1 1.0 0.3
4 13 0.1 0.2 0.3 0.4
15 0 0.4 0.0 0.6 0.0
292.0 0.0 5.4 0.0 3.8 0.0
36.0 0.0 0.9 0.0 1.0 0.0
12.0 0.0 0.5 0.0 1.1 0.0
188 50 3.6 1.0 2.8 1.0
4 25 0.2 1.1 0.4 1.0
44 0 1.2 0.0 0.9 0.0
55.0 0.0 2.5 0.0 2.2 0.0
4 51 0.1 1.2 0.3 0.8
139.0 0.0 2.8 0.0 1.0 0.0
19 26 0.5 0.7 0.8 0.5
6950.0 135.0 47.9 0.9 35.4 0.3
18 0 0.8 0.0 0.7 0.0
218 160 6.6 4.8 4.6 3.2
93 0 1.5 0.0 1.7 0.0
4.0 41.0 0.2 1.7 0.4 1.3
167.0 0.0 3.6 0.0 2.1 0.0
35 0 1.0 0.0 1.5 0.0
4 12 0.3 1.0 0.5 0.0
137 156 1.4 1.5 1.1 1.1
90 62 0.9 0.6 1.6 0.5
54 10 1.4 0.3 1.0 0.4
195.0 6.0 3.8 0.1 2.7 0.2
461.0 262.0 4.5 2.5 2.6 2.3
261.0 108.0 8.2 3.4 3.3 4.4
367.0 506.0 3.6 5.0 3.9 2.3
77.0 164.0 0.8 1.7 0.4 0.7
418.0 0.0 7.0 0.0 21.2 0.0
23 0 1.0 0.0 0.6 0.0
31 0 0.9 0.0 1.0 0.0
31 0 1.6 0.0 1.0 0.0
50 0 2.0 0.0 2.0 0.0
161.0 26.0 2.9 0.5 3.3 0.5
11 0 1.0 0.0 0.9 0.0
0 0 0.0 0.0 0.0 0.0
55.0 20.0 2.6 1.0 2.5 0.2
0 0 0.0 0.0 0.0 0.0
40 43 1.3 1.4 0.9 0.8
376.0 834.0 4.0 8.8 3.9 3.2
158.5 83.0 1.5 0.8 2.0 0.4
15.0 0.0 0.8 0.0 0.6 0.0
36 22 2.2 1.4 1.6 0.9
498.0 627.0 5.3 6.7 6.9 3.7
8.0 0.0 0.6 0.0 0.5 0.0
0.0 332.0 0.0 5.0 0.0 2.9
337.0 41.0 3.8 0.5 4.1 0.5
94 73 1.0 0.8 0.9 0.4
87.0 0.0 1.6 0.0 2.4 0.0
6.0 0.0 0.6 0.0 0.7 0.0
15 0 0.6 0.0 0.7 0.0
53.0 93.0 0.8 1.4 0.7 1.3
8.0 0.0 0.3 0.0 0.7 0.0
427.0 326.0 5.7 4.3 4.1 3.0
-4.0 0.0 -0.1 0.0 0.3 0.0
105.0 26.0 3.8 0.9 3.7 1.0
34.0 10.0 1.1 0.3 2.7 0.7
184.0 0.0 2.4 0.0 4.3 0.0
9 0 1.1 0.0 0.9 0.0
55 75 0.8 1.1 1.5 0.5
101.0 0.0 4.0 0.0 1.9 0.0
48.0 428.0 0.5 4.3 0.6 3.2
47.0 0.0 2.5 0.0 2.2 0.0
61.0 165.0 0.6 1.6 1.3 1.9
12.0 20.0 0.6 1.0 1.2 0.2
16 0 0.8 0.0 0.7 0.0
256.0 17.5 3.0 0.2 2.9 0.2
44 0 2.6 0.0 1.1 0.0
13 44 0.3 1.0 0.6 0.1
99 0 3.2 0.0 2.2 0.0
-4.0 112.0 -0.1 1.7 0.7 1.7
71.0 0.0 0.7 0.0 1.4 0.0
-27.0 8.0 -0.8 0.2 0.4 0.5
25 18 0.7 0.5 0.7 0.5
116.0 158.0 2.6 3.5 1.4 2.6
96.0 0.0 2.7 0.0 2.0 0.0
84.0 216.0 1.0 2.6 0.3 2.4
-6.0 34.0 -0.2 1.0 0.7 1.8
17 25 0.7 1.0 0.7 0.0
192 0 4.2 0.0 2.0 0.0
574.5 557.0 6.7 6.5 4.5 3.5
12.0 0.0 0.6 0.0 1.2 0.0
38.0 265.0 0.5 3.4 0.6 2.9
100.0 217.0 1.2 2.5 1.1 2.8
55.0 0.0 0.7 0.0 1.4 0.0
92.0 276.0 1.4 4.2 3.0 2.0
32 0 1.3 0.0 1.1 0.0
954.0 146.0 10.7 1.6 7.7 1.6
186.0 359.0 1.8 3.6 1.8 1.5
32 13 1.2 0.5 1.6 0.5
420.0 0.0 6.8 0.0 3.6 0.0
763.5 78.0 10.0 1.0 7.1 1.3
961.0 0.0 9.9 0.0 7.5 0.0
794.5 329.0 7.4 3.1 5.4 2.3
26.0 0.0 0.7 0.0 0.5 0.0
20 10 1.3 0.7 1.8 0.9
68 0 0.9 0.0 1.7 0.0
22.0 268.0 0.2 2.7 0.7 2.0
77.0 13.0 1.4 0.2 1.8 0.6
199.0 0.0 4.2 0.0 3.2 0.0
4 0 0.2 0.0 0.4 0.0
420.0 0.0 5.1 0.0 5.2 0.0
112.0 59.0 2.2 1.2 1.7 1.3
152.5 403.0 2.0 5.2 3.0 5.1
4 0 0.4 0.0 0.5 0.0
18 0 1.1 0.0 0.6 0.0
232.0 251.0 3.9 4.3 2.3 2.5
93 26 2.1 0.6 1.5 0.5
12.0 0.0 0.2 0.0 0.8 0.0
6 0 0.4 0.0 0.5 0.0
-4.0 0.0 -0.1 0.0 0.3 0.0
229.0 237.0 4.3 4.5 3.7 3.9
4.0 299.0 0.1 4.8 0.2 3.1
10.0 0.0 0.6 0.0 0.5 0.0
369.0 283.0 4.1 3.1 3.5 2.0
22.0 429.0 0.2 4.1 0.7 2.1
496.0 119.0 5.6 1.4 6.4 1.5
10 0 0.4 0.0 0.7 0.0
4 6 0.2 0.2 0.4 0.4
25.0 113.0 0.4 1.7 0.8 0.6
292.0 116.0 3.1 1.2 3.3 1.0
34.0 8.0 1.1 0.3 1.6 0.4
183.0 760.0 2.0 8.2 2.2 12.0
21 47 0.4 0.9 0.6 0.3
45 9 1.0 0.2 0.4 0.4
26.0 39.0 0.7 1.0 1.0 0.4
236.0 93.0 2.3 0.9 2.1 1.6
4.0 18.0 0.1 0.6 0.3 1.2
18.0 0.0 0.9 0.0 1.8 0.0
-36.0 123.0 -0.7 2.2 0.8 2.8
349.0 53.0 5.6 0.9 11.5 0.4
214.0 240.0 2.4 2.7 2.9 1.5
303.0 302.0 4.0 4.0 2.2 2.1
82.0 0.0 1.3 0.0 1.2 0.0
24.0 0.0 1.1 0.0 1.5 0.0
183 52 2.1 0.6 1.8 0.5
86 0 3.6 0.0 1.4 0.0
26.5 246.0 0.3 2.4 0.9 2.4
67.0 17.0 0.9 0.2 1.1 0.4
24.0 0.0 0.8 0.0 0.7 0.0
24.0 17.0 0.6 0.4 0.9 0.5
0.0 22.5 0.0 0.6 0.0 0.3
15 0 0.8 0.0 0.8 0.0
61.0 36.0 1.0 0.6 0.9 0.9
4 25 0.2 1.0 0.4 0.8
0.0 518.0 0.0 5.7 0.0 5.2
92 28 1.6 0.5 1.5 0.5
14 51 0.2 0.8 0.8 0.8
1315.5 220.0 12.4 2.1 8.3 1.2
20.0 14.0 0.7 0.5 0.5 0.5
43 32 1.1 0.8 1.4 0.4
250.0 75.0 5.1 1.5 6.2 1.2
339.0 0.0 5.8 0.0 2.8 0.0
-24.0 0.0 -0.5 0.0 1.6 0.0
101.0 0.0 1.2 0.0 2.2 0.0
22 23 0.9 1.0 1.2 0.2
48.0 0.0 2.7 0.0 5.0 0.0
12.0 0.0 0.8 0.0 1.3 0.0
11.0 39.0 0.3 1.1 0.7 0.6
116.0 0.0 2.9 0.0 2.6 0.0
216 39 3.7 0.7 1.2 0.5
1155.0 335.0 11.0 3.2 9.5 2.3
-4.0 0.0 -0.1 0.0 0.3 0.0
-4.0 0.0 -0.2 0.0 0.4 0.0
0.0 200.0 0.0 4.3 0.0 2.9
476.0 0.0 6.9 0.0 6.0 0.0
48 0 1.2 0.0 1.8 0.0
6.0 0.0 0.3 0.0 0.6 0.0
76 0 2.8 0.0 1.8 0.0
1017.0 33.0 12.1 0.4 6.9 0.7
602 106 8.7 1.5 5.2 1.9
525.0 342.0 5.0 3.2 2.2 1.6
1156.0 1211.0 12.3 12.9 7.6 7.4
161.0 14.0 3.5 0.3 2.9 0.5
4 0 0.2 0.0 0.4 0.0
129.0 189.0 1.6 2.3 2.2 2.6
20.0 0.0 1.2 0.0 1.6 0.0
12.0 31.0 0.4 0.9 1.0 0.9
152.0 0.0 2.9 0.0 2.1 0.0
104 0 3.2 0.0 1.8 0.0
51.0 107.0 0.9 1.8 2.8 2.1
4.0 57.0 0.1 1.8 0.3 1.5
1167.0 182.0 12.4 1.9 6.5 1.4
245.0 201.0 5.7 4.7 3.4 2.0
16 25 0.5 0.7 0.7 0.5
255.0 0.0 3.5 0.0 3.3 0.0
191.0 510.5 2.5 6.6 0.8 4.0
25 0 1.0 0.0 0.6 0.0
193.0 69.0 1.9 0.7 2.1 1.2
195.0 0.0 2.6 0.0 1.7 0.0
51 0 2.1 0.0 1.8 0.0
12.0 0.0 0.3 0.0 0.9 0.0
-349.0 0.0 -7.8 0.0 8.9 0.0
9.0 0.0 0.2 0.0 0.7 0.0
4 21 0.1 0.6 0.3 0.5
18.0 31.0 0.8 1.4 1.6 0.9
4 18 0.1 0.6 0.3 0.5
482.0 75.0 5.4 0.8 4.0 1.7
339.0 435.0 3.4 4.3 5.6 5.1
307.0 434.0 4.1 5.9 4.9 3.3
20.0 0.0 1.5 0.0 1.7 0.0
17 0 0.9 0.0 0.7 0.0
165.0 96.0 3.1 1.8 3.4 1.8
315.0 85.0 5.7 1.5 3.3 1.4
49.0 100.0 0.8 1.6 1.4 0.7
68 0 1.8 0.0 1.2 0.0
4 0 0.2 0.0 0.4 0.0
43 10 1.3 0.3 1.1 0.7
17 96 0.3 1.5 0.6 0.8
17 39 0.5 1.1 1.0 1.2
16 0 0.8 0.0 0.7 0.0
41 70 0.7 1.2 1.2 0.4
-447.0 0.0 -6.6 0.0 3.5 0.0
4 55 0.1 1.1 0.3 1.2
103 100 1.2 1.2 1.7 1.7
2.0 12.0 0.2 0.9 0.2 0.3
55.0 0.0 2.1 0.0 2.2 0.0
12.0 0.0 0.8 0.0 1.3 0.0
4 0 0.3 0.0 0.5 0.0
4 0 0.3 0.0 0.5 0.0
59.0 281.0 0.9 4.5 0.4 3.0
46 26 1.8 1.0 2.0 0.0
706.0 898.0 8.8 11.2 5.6 6.9
66 0 2.6 0.0 1.5 0.0
11.0 184.0 0.2 3.8 0.6 2.7
15 21 0.6 0.9 0.8 0.3
8.0 0.0 0.2 0.0 0.6 0.0
20 0 1.1 0.0 1.2 0.0
22.0 46.5 0.2 0.5 0.7 0.8
-12.0 0.0 -0.1 0.0 0.6 0.0
231.0 113.0 4.4 2.2 3.6 1.0
1191.0 0.0 11.2 0.0 8.6 0.0
660.0 423.0 6.9 4.4 4.6 3.0
2.0 72.0 0.0 1.2 0.1 1.5
165.0 6.0 2.4 0.1 3.5 0.3
24.0 92.0 0.6 2.1 0.9 2.4
4.0 25.0 0.2 1.6 0.4 1.2
-20.0 0.0 -0.3 0.0 1.5 0.0
124 129 4.8 5.0 2.5 2.6
4 0 0.2 0.0 0.4 0.0
1068.0 1023.0 11.9 11.4 10.0 8.9
34 35 0.9 0.9 0.6 0.3
99.0 32.0 2.6 0.8 3.1 0.4
157.0 0.0 5.8 0.0 4.0 0.0
4 41 0.1 1.3 0.3 0.9
4 0 0.6 0.0 0.5 0.0
71.0 0.0 2.2 0.0 1.2 0.0
84.0 0.0 2.7 0.0 2.5 0.0
3.0 0.0 0.1 0.0 0.5 0.0
51.0 83.0 0.7 1.1 1.6 0.1
112 304 1.0 2.7 1.6 1.3
12.0 0.0 0.4 0.0 1.0 0.0
84 0 1.6 0.0 1.4 0.0
14 37 0.4 1.2 0.7 0.8
62.0 364.0 0.8 4.8 1.1 3.2
36.0 65.0 1.2 2.1 1.5 1.0
742.0 5.5 7.3 0.1 3.9 0.2
81 28 2.8 1.0 1.7 0.2
47.0 0.0 0.8 0.0 1.5 0.0
0.0 78.0 0.0 1.9 0.0 1.6
82 78 2.2 2.1 1.2 1.0
44.0 41.0 0.9 0.8 0.3 0.6
4 5 0.3 0.4 0.5 0.5
17 0 0.7 0.0 0.7 0.0
2197.0 0.0 21.3 0.0 26.9 0.0
388 139 4.4 1.6 3.2 1.3
298.0 56.0 2.9 0.5 1.2 0.5
24.0 34.5 0.6 0.8 0.7 0.7
12.0 0.0 0.5 0.0 1.1 0.0
564.0 0.0 6.1 0.0 3.9 0.0
290.0 89.0 2.7 0.8 1.3 1.0
22.0 163.0 0.2 1.7 0.8 1.8
13 0 0.7 0.0 0.8 0.0
51 0 2.2 0.0 1.8 0.0
319.0 48.0 5.1 0.8 3.8 0.4
15 19 0.5 0.6 0.7 0.5
506.0 100.0 5.4 1.1 1.6 0.6
23.0 44.0 0.3 0.7 1.0 0.5
130.0 12.0 5.0 0.5 3.2 0.5
32.0 427.0 0.4 4.7 0.9 3.1
105 37 1.7 0.6 1.1 0.5
12 0 1.0 0.0 0.8 0.0
4 0 0.2 0.0 0.4 0.0
0.0 43.0 0.0 1.1 0.0 0.7
58.0 122.0 0.9 2.0 1.2 0.2
125.0 0.0 1.5 0.0 1.6 0.0
67 0 1.5 0.0 0.7 0.0
102.0 190.0 1.1 2.1 1.3 2.2
470 550 4.7 5.6 5.9 6.0
-101.0 28.5 -1.6 0.5 3.1 1.5
4 0 0.3 0.0 0.5 0.0
121.0 187.0 1.2 1.8 3.8 1.4
21 0 1.2 0.0 0.4 0.0
37 98 0.4 1.2 0.9 1.0
4 20 0.1 0.4 0.3 0.5
4 0 0.4 0.0 0.5 0.0
251.0 346.0 5.0 6.9 3.0 5.0
22.0 199.0 0.3 2.8 1.0 1.7
65 139 1.1 2.4 0.7 1.3
20 0 0.8 0.0 0.7 0.0
15.0 642.0 0.2 7.1 0.5 13.8
51 53 2.5 2.6 3.3 3.4
381 63 4.0 0.7 3.9 0.5
29.0 240.0 0.4 3.2 0.9 2.7
31.0 0.0 1.5 0.0 1.3 0.0
30.0 18.0 1.4 0.9 1.9 1.0
11.0 60.0 0.2 1.0 0.5 0.3
68.0 0.0 1.9 0.0 2.9 0.0
4 0 0.4 0.0 0.5 0.0
4 0 0.6 0.0 0.5 0.0
41.0 33.0 1.8 1.4 1.9 1.5
11.0 0.0 0.3 0.0 0.5 0.0
258.0 107.5 5.2 2.1 5.3 1.7
19 22 1.1 1.3 0.6 0.8
66 31 1.3 0.6 1.8 0.5
223.0 42.0 4.6 0.9 2.5 1.0
51 28 1.0 0.5 1.7 0.9
183.0 74.0 2.3 0.9 1.7 0.3
4.0 26.0 0.2 1.6 0.4 1.1
258.0 160.0 3.1 1.9 1.7 0.8
322.0 139.0 4.1 1.8 2.3 1.5
149.0 180.0 1.5 1.8 1.7 1.2
302.0 0.0 7.2 0.0 3.7 0.0
275.0 182.0 3.1 2.0 2.1 2.2
178.0 88.0 3.3 1.6 1.4 1.3
22.5 0.0 0.7 0.0 0.9 0.0
88 0 2.4 0.0 1.9 0.0
57.0 49.0 0.8 0.6 0.7 0.5
106.0 1505.0 1.2 16.4 1.2 14.0
176.0 46.0 2.7 0.7 2.3 0.5
126.0 189.0 1.2 1.8 1.0 1.2
530.0 0.0 4.9 0.0 4.6 0.0
20.0 0.0 0.7 0.0 1.2 0.0
24 18 0.9 0.7 1.1 0.5
38 15 0.8 0.3 1.0 0.5
18.0 37.0 0.4 0.8 0.9 0.9
4 0 0.1 0.0 0.2 0.0
42 0 1.5 0.0 0.7 0.0
48.0 73.0 1.1 1.7 1.5 1.4
4 34 0.1 0.8 0.3 0.4
22.0 983.0 0.2 10.9 0.8 4.5
28 0 2.0 0.0 0.8 0.0
161.0 199.0 1.6 2.0 2.9 1.6
939.0 0.0 8.8 0.0 5.5 0.0
23.0 0.0 1.1 0.0 1.0 0.0
4.0 285.0 0.0 3.4 0.2 1.8
32 41 0.7 0.9 1.3 0.9
74 0 2.0 0.0 1.7 0.0
374.0 183.0 3.8 1.9 1.4 2.0
4 0 0.1 0.0 0.3 0.0
4 0 0.4 0.0 0.5 0.0
55.0 0.0 1.7 0.0 1.6 0.0
369.0 280.0 4.0 3.0 4.6 1.1
171.0 108.0 2.4 1.5 1.8 1.0
67.0 48.0 1.8 1.3 1.1 0.8
676.0 18.0 11.5 0.3 9.8 0.5
4 17 0.2 0.9 0.4 0.3
137 266 1.9 3.6 0.9 2.7
1350.0 535.0 16.9 6.7 8.4 4.5
1187.0 0.0 13.5 0.0 11.2 0.0
4 25 0.1 0.4 0.3 0.8
219 231 2.4 2.6 1.4 1.8
77 18 1.3 0.3 1.1 0.5
40 0 1.2 0.0 0.8 0.0
14.0 60.0 0.6 2.4 0.8 1.2
50.0 0.0 2.5 0.0 2.1 0.0
14 15 0.3 0.3 0.6 0.4
431.0 306.0 6.2 4.4 4.0 2.1
112.5 243.0 1.1 2.5 1.6 3.1
4 0 0.1 0.0 0.3 0.0
14 0 0.8 0.0 0.8 0.0
99.0 0.0 1.9 0.0 2.2 0.0
32.0 42.0 0.7 0.9 1.3 1.4
135.0 44.0 3.1 1.0 4.6 1.4
31.0 1117.0 0.4 13.5 1.1 17.3
82.0 0.0 4.1 0.0 2.6 0.0
261.0 395.0 3.1 4.7 2.4 3.5
17 0 0.7 0.0 0.7 0.0
105 26 2.8 0.7 2.9 1.0
254 84 5.2 1.7 2.6 0.7
37.0 0.0 1.0 0.0 1.6 0.0
85.0 153.0 1.8 3.3 1.5 1.4
54 31 1.5 0.9 1.3 0.3
62.0 139.0 0.6 1.4 1.0 0.6
153.0 111.0 2.0 1.5 2.4 0.6
62.0 18.0 1.1 0.3 0.3 0.9
18.0 160.0 0.2 1.6 0.8 1.6
106.0 17.0 5.0 0.8 2.3 0.4
9.0 22.0 0.2 0.4 0.6 0.8
6.0 173.0 0.1 1.7 0.2 1.7
87.0 17.0 2.3 0.4 1.7 0.5
-5.0 0.0 -0.2 0.0 0.4 0.0
62.0 199.0 0.7 2.2 1.1 2.0
164.0 0.0 3.6 0.0 3.0 0.0
207 0 4.4 0.0 2.6 0.0
536.0 258.0 6.6 3.2 5.3 2.5
331.0 0.0 3.4 0.0 2.8 0.0
154.0 107.0 2.6 1.8 1.5 2.0
69.0 0.0 1.2 0.0 1.2 0.0
365.0 100.0 5.7 1.6 6.1 0.7
204.0 0.0 4.5 0.0 3.0 0.0
32 14 1.1 0.5 1.1 0.5
4 0 0.1 0.0 0.3 0.0
100.0 0.0 2.0 0.0 1.5 0.0
83.0 7.0 2.3 0.2 1.6 0.4
239.0 37.0 3.9 0.6 3.0 0.5
86 66 1.9 1.4 1.5 0.5
170.0 124.0 1.7 1.3 1.2 1.8
36 14 1.0 0.4 0.5 0.5
838.0 259.0 10.0 3.1 9.5 2.4
31.0 76.0 0.9 2.3 0.5 2.0
181.0 0.0 3.1 0.0 7.0 0.0
44 46 0.8 0.9 1.0 0.3
106 0 2.4 0.0 1.3 0.0
304 0 7.1 0.0 4.0 0.0
175.0 0.0 4.5 0.0 3.1 0.0
161.0 96.0 2.4 1.4 1.8 1.5
269.0 105.0 5.3 2.1 2.3 1.5
34 28 0.7 0.6 1.0 0.5
4 135 0.0 1.5 0.2 1.3
66 93 1.3 1.8 0.7 1.2
61 10 1.2 0.2 0.9 0.6
22.0 86.0 0.4 1.5 0.9 1.4
303.0 0.0 5.2 0.0 4.1 0.0
31.0 481.0 0.3 4.8 1.0 3.3
237.0 181.0 3.3 2.5 1.0 0.8
29 0 1.3 0.0 1.6 0.0
168.0 34.0 1.7 0.3 1.3 0.2
414.0 0.0 7.4 0.0 10.9 0.0
25 78 0.8 2.4 1.1 1.1
215 131 2.4 1.4 1.3 0.7
1333.0 77.0 13.2 0.8 7.0 0.4
614.0 0.0 8.8 0.0 9.2 0.0
56.0 55.0 0.8 0.8 1.7 0.4
178.0 0.0 1.7 0.0 1.3 0.0
57.0 14.0 1.2 0.3 1.5 0.5
510.0 0.0 8.4 0.0 5.7 0.0
4.0 18.0 0.4 1.6 0.5 1.5
31 0 0.9 0.0 1.1 0.0
45.0 51.0 0.7 0.7 0.5 0.4
54.0 319.0 0.5 3.2 1.1 3.6
26 0 0.6 0.0 0.7 0.0
120.0 729.0 1.6 9.6 0.8 12.9
15 0 0.9 0.0 0.8 0.0
367.0 462.0 3.8 4.8 1.8 6.4
71.0 0.0 2.0 0.0 2.5 0.0
30 0 1.1 0.0 1.1 0.0
187.0 281.0 2.4 3.6 1.8 1.4
373.0 0.0 6.4 0.0 3.6 0.0
0.0 40.0 0.0 1.0 0.0 1.4
4 0 0.5 0.0 0.5 0.0
10 0 0.5 0.0 0.8 0.0
187.0 10.0 2.5 0.1 2.9 0.5
87 147 1.2 2.1 1.3 1.3
13 0 1.2 0.0 0.7 0.0
40.0 394.0 0.5 5.2 1.2 2.8
115 74 3.2 2.1 2.0 1.4
84 26 1.8 0.6 1.6 0.9
4 14 0.1 0.3 0.3 0.5
11 0 0.3 0.0 0.7 0.0
21 0 0.4 0.0 0.6 0.0
37.0 502.0 0.5 6.5 1.0 4.4
31 0 1.3 0.0 1.0 0.0
174.0 0.0 2.6 0.0 2.2 0.0
176.0 173.0 2.0 2.0 2.1 1.4
26 40 0.6 0.9 0.6 0.3
4 0 0.1 0.0 0.3 0.0
90.0 150.0 1.2 1.9 1.9 1.2
56.0 0.0 2.2 0.0 2.5 0.0
4.0 830.0 0.1 11.4 0.2 9.4
51.0 74.0 1.1 1.5 1.0 0.8
20 0 0.3 0.0 0.4 0.0
8.0 0.0 0.3 0.0 0.7 0.0
56.0 393.0 0.5 3.7 1.3 3.1
229 80 5.1 1.8 3.6 1.7
20 0 0.7 0.0 1.1 0.0
291.0 105.0 5.0 1.8 2.4 0.5
15 0 0.8 0.0 0.8 0.0
70.0 333.0 0.7 3.3 1.3 2.7
130 27 3.1 0.6 2.3 0.9
55.0 30.0 1.8 1.0 1.6 1.4
91.0 0.0 2.0 0.0 1.0 0.0
283.0 19.0 5.2 0.4 3.4 0.5
64 0 2.0 0.0 1.3 0.0
94.0 144.0 1.2 1.8 2.4 3.5
35.0 81.0 0.8 1.9 0.4 1.7
13.0 117.0 0.1 1.2 0.5 0.8
14 30 0.4 0.8 0.7 0.4
41 0 1.5 0.0 1.5 0.0
4 36 0.1 0.8 0.3 0.9
38 0 0.9 0.0 0.5 0.0
19 0 0.7 0.0 0.7 0.0
563 0 7.5 0.0 8.3 0.0
839.5 128.0 8.3 1.3 6.7 0.7
14 70 0.4 1.8 0.7 0.8
42 23 0.8 0.4 0.9 0.5
16 0 0.7 0.0 0.7 0.0
4.0 167.5 0.1 2.3 0.2 1.7
32 8 1.1 0.3 1.4 0.4
13 75 0.3 1.7 0.6 0.8
279.0 83.0 2.8 0.8 1.8 0.4
334.0 402.0 3.2 3.9 1.8 2.4
246.0 143.0 4.5 2.6 2.3 1.9
177.0 0.0 2.3 0.0 2.2 0.0
119 103 1.2 1.0 1.1 0.6
46.0 0.0 1.5 0.0 2.8 0.0
4.0 36.0 0.1 1.1 0.3 1.4
527.0 172.0 6.6 2.1 4.2 1.2
347.0 316.0 5.8 5.3 2.7 2.2
139.5 228.0 1.7 2.7 1.2 1.7
36.0 0.0 0.8 0.0 2.6 0.0
977.0 0.0 16.0 0.0 12.0 0.0
34 10 1.4 0.4 1.3 0.8
423.0 218.0 4.2 2.2 1.9 1.8
56.5 0.0 1.0 0.0 2.4 0.0
-12.0 0.0 -0.2 0.0 0.7 0.0
316.0 142.0 7.9 3.5 3.0 1.1
4 0 0.1 0.0 0.3 0.0
280.0 184.0 3.7 2.5 1.5 2.5
188.0 57.0 1.9 0.6 1.5 1.2
29 0 1.4 0.0 1.6 0.0
13.0 260.0 0.1 2.5 0.5 2.2
357.0 46.0 3.5 0.5 2.1 0.8
14 0 0.4 0.0 0.7 0.0
356.0 0.0 3.8 0.0 1.2 0.0
148.0 427.5 1.6 4.5 1.5 2.1
270.0 0.0 4.2 0.0 3.7 0.0
0.0 246.0 0.0 3.2 0.0 2.1
691.0 0.0 8.3 0.0 4.7 0.0
58 9 1.0 0.2 0.8 0.4
375.0 143.0 4.1 1.6 3.4 1.4
342.0 89.0 3.8 1.0 3.0 0.8
61.0 14.0 2.2 0.5 1.7 0.5
4 0 0.3 0.0 0.4 0.0
400.0 107.0 4.1 1.1 4.5 1.1
102.0 36.0 1.8 0.6 3.1 0.5
4 0 0.2 0.0 0.4 0.0
84 0 3.0 0.0 2.6 0.0
25.0 0.0 1.0 0.0 1.6 0.0
239.0 70.0 4.3 1.2 2.0 1.0
290.0 146.0 5.5 2.8 4.5 1.4
4 77 0.1 1.3 0.2 0.8
208.0 0.0 3.5 0.0 3.4 0.0
-108.0 968.0 -1.9 16.7 14.1 38.9
4.0 167.0 0.1 3.2 0.3 1.5
95.0 22.0 3.2 0.7 2.6 0.4
4 0 0.4 0.0 0.5 0.0
213.0 0.0 3.7 0.0 1.7 0.0
427.0 186.0 5.0 2.2 4.8 2.0
76.0 0.0 1.0 0.0 2.2 0.0
179.0 102.0 4.2 2.4 6.7 4.2
576.0 62.0 7.5 0.8 6.0 0.8
4 87 0.1 1.6 0.3 1.2
4 0 0.2 0.0 0.4 0.0
119.0 0.0 2.8 0.0 1.8 0.0
18.0 30.0 0.6 1.0 1.2 0.0
19.0 34.0 0.4 0.8 0.8 1.0
81.0 0.0 2.5 0.0 2.4 0.0
54.0 74.0 1.3 1.8 2.0 2.9
355.0 205.0 3.5 2.0 1.4 1.0
4 15 0.2 0.7 0.4 0.9
4 13 0.1 0.5 0.4 0.5
431.0 121.0 5.1 1.4 3.0 1.3
150.5 66.0 3.6 1.6 2.5 0.8
262 0 5.2 0.0 2.7 0.0
362 175 4.1 2.0 2.4 1.5
108.0 0.0 3.9 0.0 1.1 0.0
296 78 2.8 0.8 2.2 0.8
40.0 79.0 0.4 0.8 0.8 0.9
721.0 56.0 8.6 0.7 5.2 0.5
48 0 1.8 0.0 1.9 0.0
102.0 0.0 2.8 0.0 2.0 0.0
103.0 174.0 1.1 1.8 1.8 1.5
14 39 0.5 1.3 0.7 0.8
550.0 156.0 7.3 2.1 7.8 1.6
448.0 215.0 4.0 1.9 3.9 2.1
0.0 56.0 0.0 1.0 0.0 0.9
107.0 0.0 2.7 0.0 3.8 0.0
38 20 0.8 0.4 1.4 0.8
376 20 4.1 0.2 2.3 0.6
77 0 1.4 0.0 1.3 0.0
32 10 0.8 0.3 1.2 0.7
55.0 0.0 0.9 0.0 1.1 0.0
104.0 36.0 1.3 0.4 2.0 0.8
247.0 222.0 2.5 2.3 1.6 2.2
396.5 232.0 4.6 2.7 3.6 1.1
134 0 2.5 0.0 1.4 0.0
4 0 0.4 0.0 0.5 0.0
132.0 103.0 1.3 1.0 1.7 0.8
77.0 0.0 2.1 0.0 0.9 0.0
14 11 0.6 0.5 0.8 0.5
55 37 1.3 0.9 0.7 0.3
40.0 126.0 0.8 2.5 1.7 1.7
35 0 1.2 0.0 1.0 0.0
-4.0 0.0 -0.1 0.0 0.3 0.0
77 10 2.6 0.3 1.8 0.7
22 0 1.1 0.0 1.1 0.0
45 0 1.5 0.0 0.8 0.0
45.0 47.0 1.2 1.2 2.4 1.1
82.0 0.0 3.2 0.0 2.4 0.0
22.0 335.0 0.2 3.4 0.7 3.1
4 0 0.2 0.0 0.4 0.0
2380.0 891.0 24.3 9.1 26.9 6.4
139.0 24.0 2.2 0.4 2.2 0.5
6 21 0.1 0.5 0.4 0.5
24.0 13.0 1.0 0.5 2.2 0.5
8.0 0.0 0.3 0.0 0.7 0.0
31.0 56.0 0.5 0.9 1.2 1.9
19 26 0.6 0.8 0.8 0.4
14 0 0.8 0.0 0.8 0.0
13 0 0.7 0.0 0.8 0.0
28.0 0.0 0.7 0.0 1.1 0.0
100.0 120.0 1.0 1.2 2.3 0.6
40.0 34.0 1.2 1.0 1.6 0.0
4 62 0.1 1.1 0.3 0.8
4 0 0.4 0.0 0.5 0.0
90.0 232.0 0.9 2.4 0.7 1.8
311.5 193.0 4.0 2.5 4.6 3.0
13 0 0.4 0.0 0.7 0.0
393.0 210.0 4.4 2.3 2.0 1.4
6.0 0.0 0.1 0.0 0.3 0.0
283 65 3.0 0.7 1.4 1.1
14 0 0.8 0.0 0.8 0.0
39 19 1.4 0.7 0.8 0.5
65 41 1.5 1.0 1.1 0.2
10.0 89.0 0.1 1.0 0.4 0.9
43 0 1.5 0.0 1.9 0.0
0.0 87.0 0.0 1.3 0.0 1.2
247.0 10.0 4.3 0.2 2.3 0.4
22 10 1.1 0.5 1.6 0.9
805.0 814.0 9.9 10.0 7.0 7.6
45 0 1.0 0.0 1.1 0.0
272.0 72.0 7.2 1.9 4.3 1.4
10 0 0.7 0.0 0.9 0.0
4.0 10.0 0.2 0.4 0.4 0.8
11 35 0.3 1.0 0.7 0.2
12.0 0.0 0.9 0.0 1.4 0.0
369.0 86.0 4.2 1.0 3.6 1.0
269.0 135.0 3.5 1.8 1.5 1.5
-113.0 0.0 -1.5 0.0 1.5 0.0
-6.0 0.0 -0.4 0.0 0.5 0.0
35.0 367.0 0.3 3.6 1.0 1.7
22.0 934.0 0.3 10.9 0.8 8.5
40.0 0.0 1.3 0.0 1.6 0.0
554 274 7.4 3.7 5.7 2.6
66 0 2.5 0.0 1.7 0.0
4 0 0.2 0.0 0.4 0.0
830.0 33.0 8.7 0.3 6.6 0.9
355.0 392.0 3.7 4.1 3.1 2.6
0 322 0.0 3.5 0.0 1.9
15 0 0.7 0.0 0.8 0.0
36.0 0.0 1.1 0.0 3.0 0.0
35 19 0.6 0.3 1.2 0.5
24.0 0.0 1.0 0.0 0.7 0.0
4.0 840.0 0.1 15.0 0.3 11.6
65.0 270.0 0.8 3.2 1.7 1.7
4 13 0.2 0.7 0.4 0.4
140.0 70.0 1.9 1.0 1.3 1.6
263.0 91.0 2.6 0.9 1.9 0.3
11 16 0.4 0.6 0.7 0.5
172 258 2.0 3.0 1.1 1.2
36 113 0.5 1.4 0.9 2.0
64 6 1.3 0.1 0.7 0.3
-12.0 0.0 -0.1 0.0 0.6 0.0
29 62 0.8 1.8 1.1 1.3
706.0 255.0 6.2 2.3 4.1 0.9
64 41 1.5 1.0 1.8 0.2
3.0 33.0 0.1 0.6 1.0 0.7
1558.0 53.0 14.2 0.5 9.8 0.5
1278.0 271.5 11.4 2.4 8.0 2.0
0.5 24.0 0.0 0.5 0.2 0.6
72.0 46.0 1.0 0.7 1.6 0.5
125.0 0.0 3.4 0.0 2.4 0.0
4 17 0.3 1.1 0.4 0.8
23 0 0.9 0.0 0.6 0.0
60 20 1.3 0.4 0.7 0.5
4 0 0.2 0.0 0.4 0.0
49.5 292.0 0.6 3.4 0.8 2.4
45.0 92.0 0.5 1.1 1.3 1.3
41 0 2.0 0.0 1.2 0.0
87.0 151.0 1.9 3.2 1.1 2.0
4 0 0.4 0.0 0.5 0.0
10 0 0.3 0.0 0.7 0.0
250.0 168.0 4.3 2.9 3.3 2.7
201.0 0.0 4.8 0.0 4.1 0.0
12.0 54.0 0.2 1.1 0.8 1.4
987.0 0.0 9.6 0.0 6.6 0.0
56 139 1.3 3.2 1.1 1.0
100 70 2.8 1.9 2.5 1.7
153.0 202.0 2.0 2.7 0.8 4.3
58.0 0.0 1.1 0.0 1.6 0.0
203 128 2.7 1.7 1.0 1.1
609.0 34.0 6.1 0.3 5.5 0.5
16.0 0.0 0.3 0.0 1.0 0.0
663.0 1104.0 6.4 10.6 5.6 6.2
17.5 615.0 0.2 6.3 0.6 4.1
85.0 0.0 4.2 0.0 4.7 0.0
105.0 0.0 3.9 0.0 3.4 0.0
245.0 352.0 2.4 3.5 1.7 4.6
4 0 0.1 0.0 0.3 0.0
1014.0 44.0 9.7 0.4 5.5 0.5
4 0 0.4 0.0 0.5 0.0
40.0 0.0 1.1 0.0 0.6 0.0
-17.0 0.0 -0.3 0.0 0.8 0.0
588.0 678.0 6.2 7.1 6.5 4.8
40.0 58.0 1.0 1.4 2.3 2.7
162.0 75.0 1.9 0.9 1.9 0.8
146.0 42.0 1.9 0.6 2.0 0.8
675.5 91.0 6.7 0.9 3.5 0.8
76.5 0.0 1.3 0.0 0.4 0.0
210.0 78.0 5.0 1.9 4.6 1.1
80.0 191.0 1.0 2.4 0.3 3.2
7.0 0.0 0.5 0.0 0.6 0.0
201.0 0.0 2.8 0.0 1.5 0.0
39 28 2.1 1.5 2.5 1.7
125.0 121.0 1.7 1.7 0.5 2.1
31.0 501.0 0.4 5.9 0.7 2.9
37 224 0.4 2.3 1.0 1.0
22 174 0.2 1.7 0.7 0.6
12.0 654.0 0.1 8.0 0.5 5.0
41 167 0.9 3.5 0.5 2.1
544 0 11.6 0.0 6.2 0.0
2.0 0.0 0.1 0.0 0.2 0.0
510.0 72.0 6.3 0.9 4.1 0.3
68.0 22.0 1.7 0.6 1.4 0.5
14 58 0.3 1.4 0.6 0.5
30 0 1.9 0.0 0.8 0.0
138.0 133.0 1.4 1.3 1.1 1.3
62.0 420.0 0.6 4.1 1.6 3.1
382.0 298.0 3.9 3.0 1.9 1.8
234.0 40.5 3.7 0.6 2.7 1.0
156.0 93.0 2.4 1.4 1.8 1.5
133.0 0.0 4.3 0.0 2.3 0.0
68 233 0.7 2.5 1.3 1.2
159 0 2.7 0.0 1.9 0.0
40.0 0.0 1.0 0.0 1.5 0.0
12.0 271.0 0.2 3.8 0.7 2.1
-36.0 0.0 -1.0 0.0 2.9 0.0
59 0 2.5 0.0 1.1 0.0
128 11 3.3 0.3 1.7 0.4
258.0 59.0 3.2 0.7 1.0 0.4
537.0 28.0 5.6 0.3 3.6 0.5
30 0 1.6 0.0 0.9 0.0
12.0 0.0 0.1 0.0 0.6 0.0
368.0 639.0 5.3 9.3 5.8 6.2
69.0 22.0 1.6 0.5 1.4 0.9
141.0 0.0 3.1 0.0 2.2 0.0
309.0 666.0 3.3 7.0 3.6 4.9
273.0 63.0 5.0 1.1 3.4 3.0
77.0 0.0 2.1 0.0 0.9 0.0
14 11 0.6 0.5 0.8 0.5
55 37 1.3 0.9 0.7 0.3
12.0 20.5 0.2 0.4 0.8 0.2
343.0 25.0 3.5 0.3 3.2 0.4
16.0 0.0 0.5 0.0 1.3 0.0
131 0 1.6 0.0 2.3 0.0
102 56 3.3 1.8 1.7 0.6
180 0 4.2 0.0 2.2 0.0
-46.0 47.0 -0.7 0.7 1.0 1.2
126.5 83.0 2.9 1.9 1.6 1.3
84.0 54.0 2.2 1.4 3.5 0.9
0.0 23.0 0.0 0.5 0.0 0.7
290.0 0.0 4.4 0.0 2.0 0.0
90.0 232.0 0.9 2.4 0.7 1.8
-4.0 0.0 -0.1 0.0 0.2 0.0
88.0 62.0 2.2 1.6 1.2 0.8
22.0 141.0 0.2 1.4 1.4 1.4
337.0 325.0 5.7 5.5 2.2 2.1
250.0 168.0 4.4 2.9 3.3 2.7
290.0 146.0 5.4 2.7 4.6 1.4
77.0 0.0 2.1 0.0 0.9 0.0
14 11 0.6 0.5 0.8 0.5
55 37 1.3 0.9 0.7 0.3
193.0 0.0 3.7 0.0 3.2 0.0
96.0 164.0 1.1 1.8 0.7 1.6
154.0 68.0 1.9 0.9 0.9 0.3
0.0 32.0 0.0 0.7 0.0 1.4
61 26 1.9 0.8 1.4 1.0
40.0 0.0 0.8 0.0 1.6 0.0
89.0 67.0 2.3 1.8 1.3 1.1
45 28 1.0 0.6 0.4 0.5
128.0 535.0 1.3 5.6 1.5 2.9
4 0 0.3 0.0 0.4 0.0
30 0 1.5 0.0 1.1 0.0
760.0 13.0 7.8 0.1 2.3 0.3
204.0 231.0 4.9 5.5 3.5 4.6
16 0 0.9 0.0 0.7 0.0
-8.0 6.0 -0.3 0.2 0.4 0.5
73.0 16.0 1.8 0.4 1.6 0.8
4 0 0.2 0.0 0.4 0.0
-96.0 0.0 -1.4 0.0 5.7 0.0
11 0 0.8 0.0 0.9 0.0
343 401 4.8 5.6 6.6 5.0
339.0 191.0 4.0 2.3 1.8 2.1
446.0 18.0 10.4 0.4 6.9 0.5
4 0 0.3 0.0 0.5 0.0
27 0 0.9 0.0 0.6 0.0
77.0 0.0 2.1 0.0 0.9 0.0
14 11 0.6 0.5 0.8 0.5
55 37 1.3 0.9 0.7 0.3
602.5 0.0 9.4 0.0 5.9 0.0
119.0 91.0 1.9 1.4 0.6 1.1
90 55 2.7 1.7 1.9 0.6
14.0 279.0 0.5 9.3 0.7 6.6
12.0 170.0 0.2 2.6 0.7 0.8
22.0 0.0 0.7 0.0 0.5 0.0
132.0 27.0 1.3 0.3 3.1 0.4
1030 376 10.1 3.7 8.1 2.3
435 0 6.7 0.0 3.6 0.0
26 10 0.6 0.2 1.2 0.6
164.0 0.0 2.2 0.0 0.9 0.0
31 26 1.0 0.8 1.2 0.4
19 0 1.6 0.0 1.3 0.0
118.0 84.0 3.9 2.8 3.0 2.3
107.0 20.0 3.6 0.7 4.8 0.5
12.0 10.0 1.0 0.8 1.4 0.4
65.0 679.0 0.6 6.2 1.0 3.3
323.0 15.5 5.4 0.3 3.5 0.2
39 0 1.0 0.0 0.9 0.0
4.0 51.0 0.1 1.5 0.3 1.2
17 0 0.8 0.0 0.7 0.0
36.0 0.0 1.1 0.0 1.2 0.0
55.0 0.0 2.5 0.0 1.2 0.0
84 0 1.6 0.0 1.4 0.0
14 37 0.4 1.2 0.7 0.8
62.0 364.0 0.8 4.8 1.1 3.2
36.0 65.0 1.2 2.1 1.5 1.0
742.0 5.5 7.3 0.1 3.9 0.2
81 28 2.8 1.0 1.7 0.2
47.0 0.0 0.8 0.0 1.5 0.0
0.0 78.0 0.0 1.9 0.0 1.6
82 78 2.2 2.1 1.2 1.0
44.0 41.0 0.9 0.8 0.3 0.6
4 5 0.3 0.4 0.5 0.5
17 0 0.7 0.0 0.7 0.0
498.0 192.0 4.9 1.9 3.1 1.3
2197.0 0.0 21.3 0.0 26.9 0.0
388 139 4.4 1.6 3.2 1.3
298.0 56.0 2.9 0.5 1.2 0.5
24.0 34.5 0.6 0.8 0.7 0.7
1187.0 0.0 13.6 0.0 11.2 0.0
38.0 78.0 0.4 0.8 0.8 0.9
90 32 2.9 1.0 2.5 1.0
77.0 0.0 2.1 0.0 0.9 0.0
14 11 0.6 0.5 0.8 0.5
55 37 1.3 0.9 0.7 0.3
40 52 0.7 0.9 1.0 0.3
422.0 342.0 11.7 9.5 11.5 11.3
142.0 306.5 1.4 3.0 1.0 3.2
31.0 177.0 0.3 1.7 1.0 1.5
14 10 0.7 0.5 1.2 0.9
145.0 0.0 2.6 0.0 1.2 0.0
381 63 3.9 0.6 3.9 0.5
0.0 203.0 0.0 2.3 0.0 1.6
118 123 4.4 4.6 2.1 1.4
9.0 10.0 0.2 0.2 1.0 0.7
125.0 115.0 1.4 1.3 2.6 2.1
90 32 2.9 1.0 2.5 1.0
77.0 0.0 2.1 0.0 0.9 0.0
14 11 0.6 0.5 0.8 0.5
1025.0 1407.0 9.3 12.8 4.9 5.5
4.0 73.0 0.1 1.3 0.3 1.7
1038.0 572.0 10.7 5.9 5.7 2.7
22.0 241.5 0.2 2.3 0.7 1.4
16.0 17.0 0.8 0.8 1.6 0.4
95.0 212.0 2.2 4.8 0.7 4.2
12.0 0.0 0.6 0.0 1.2 0.0
22 14 0.2 0.1 0.7 0.3
11.0 26.0 0.4 1.0 0.5 0.0
70.0 0.0 3.5 0.0 1.6 0.0
8.0 102.0 0.2 2.3 0.6 1.6
90 32 2.9 1.0 2.5 1.0
77.0 0.0 2.1 0.0 0.9 0.0
39.0 0.0 1.4 0.0 1.5 0.0
4 0 0.2 0.0 0.4 0.0
199.0 0.0 4.1 0.0 3.2 0.0
553.0 72.0 5.7 0.7 3.7 1.1
-2.0 376.0 -0.0 4.6 0.2 2.2
32 29 1.1 1.0 1.5 1.0
