评论数据(行|人)：809
4 0 0.7 0.0 0.5 0.0
112.0 120.0 2.7 2.9 3.6 3.8
4 0 0.3 0.0 0.4 0.0
20.0 23.0 0.7 0.8 1.1 0.4
66.0 0.0 1.8 0.0 1.8 0.0
253.0 66.0 2.5 0.7 2.7 1.2
27.0 35.0 1.0 1.3 0.5 1.9
4 32 0.2 1.3 0.4 0.8
161 48 3.6 1.1 2.5 0.7
356 366 5.7 5.9 4.5 4.2
-29.0 0.0 -0.6 0.0 2.3 0.0
29 22 1.3 1.0 1.6 0.2
34.0 26.0 0.8 0.6 1.4 0.9
108.0 64.0 3.2 1.9 3.5 1.8
13 0 0.4 0.0 0.7 0.0
209.5 218.0 2.6 2.7 3.5 1.5
4 0 0.3 0.0 0.5 0.0
11 0 0.6 0.0 0.8 0.0
94.0 97.0 1.3 1.4 1.1 1.2
18.0 133.0 0.5 3.4 0.5 2.2
4 0 0.4 0.0 0.5 0.0
46.0 158.0 0.7 2.4 0.6 4.2
15 0 0.6 0.0 0.7 0.0
269.0 83.0 4.6 1.4 2.3 1.1
11 0 0.3 0.0 0.6 0.0
18.0 12.0 1.0 0.7 0.7 0.9
92 0 3.0 0.0 2.1 0.0
50 16 1.4 0.4 0.8 0.5
196.0 114.0 6.1 3.6 4.6 2.9
19 0 0.4 0.0 0.7 0.0
15 0 1.0 0.0 0.7 0.0
52.0 0.0 0.9 0.0 1.5 0.0
4 21 0.1 0.7 0.3 0.8
4 0 0.2 0.0 0.4 0.0
27 11 1.4 0.6 1.1 0.5
4 36 0.1 1.2 0.3 0.7
93.0 26.0 2.3 0.7 1.5 0.9
416.0 268.0 6.5 4.2 5.2 2.3
129 53 3.1 1.3 2.0 0.7
21 0 1.1 0.0 1.3 0.0
9.0 0.0 0.3 0.0 0.8 0.0
68.0 0.0 2.3 0.0 2.2 0.0
12 0 0.7 0.0 0.8 0.0
-5.0 0.0 -0.4 0.0 0.5 0.0
4 9 0.2 0.6 0.4 0.5
53.0 0.0 1.4 0.0 0.7 0.0
35 19 1.3 0.7 0.9 0.4
131.0 139.0 1.8 2.0 0.9 2.5
4 0 0.7 0.0 0.5 0.0
112.0 120.0 2.7 2.9 3.6 3.8
4 0 0.3 0.0 0.4 0.0
20.0 23.0 0.7 0.8 1.1 0.4
66.0 0.0 1.8 0.0 1.8 0.0
253.0 66.0 2.5 0.7 2.7 1.2
27.0 35.0 1.0 1.3 0.5 1.9
4 32 0.2 1.3 0.4 0.8
161 48 3.6 1.1 2.5 0.7
356 366 5.7 5.9 4.5 4.2
-29.0 0.0 -0.6 0.0 2.3 0.0
29 22 1.3 1.0 1.6 0.2
34.0 26.0 0.8 0.6 1.4 0.9
108.0 64.0 3.2 1.9 3.5 1.8
13 0 0.4 0.0 0.7 0.0
209.5 218.0 2.6 2.7 3.5 1.5
4 0 0.3 0.0 0.5 0.0
11 0 0.6 0.0 0.8 0.0
94.0 97.0 1.3 1.4 1.1 1.2
18.0 133.0 0.5 3.4 0.5 2.2
4 0 0.4 0.0 0.5 0.0
46.0 158.0 0.7 2.4 0.6 4.2
15 0 0.6 0.0 0.7 0.0
269.0 83.0 4.6 1.4 2.3 1.1
11 0 0.3 0.0 0.6 0.0
18.0 12.0 1.0 0.7 0.7 0.9
92 0 3.0 0.0 2.1 0.0
50 16 1.4 0.4 0.8 0.5
196.0 114.0 6.1 3.6 4.6 2.9
19 0 0.4 0.0 0.7 0.0
15 0 1.0 0.0 0.7 0.0
52.0 0.0 0.9 0.0 1.5 0.0
4 21 0.1 0.7 0.3 0.8
4 0 0.2 0.0 0.4 0.0
27 11 1.4 0.6 1.1 0.5
4 36 0.1 1.2 0.3 0.7
93.0 26.0 2.3 0.7 1.5 0.9
416.0 268.0 6.5 4.2 5.2 2.3
129 53 3.1 1.3 2.0 0.7
21 0 1.1 0.0 1.3 0.0
9.0 0.0 0.3 0.0 0.8 0.0
68.0 0.0 2.3 0.0 2.2 0.0
12 0 0.7 0.0 0.8 0.0
-5.0 0.0 -0.4 0.0 0.5 0.0
4 0 0.7 0.0 0.5 0.0
112.0 120.0 2.7 2.9 3.6 3.8
4 0 0.3 0.0 0.4 0.0
20.0 23.0 0.7 0.8 1.1 0.4
66.0 0.0 1.8 0.0 1.8 0.0
253.0 66.0 2.5 0.7 2.7 1.2
27.0 35.0 1.0 1.3 0.5 1.9
4 32 0.2 1.3 0.4 0.8
161 48 3.6 1.1 2.5 0.7
356 366 5.7 5.9 4.5 4.2
-29.0 0.0 -0.6 0.0 2.3 0.0
29 22 1.3 1.0 1.6 0.2
34.0 26.0 0.8 0.6 1.4 0.9
108.0 64.0 3.2 1.9 3.5 1.8
13 0 0.4 0.0 0.7 0.0
209.5 218.0 2.6 2.7 3.5 1.5
4 0 0.3 0.0 0.5 0.0
11 0 0.6 0.0 0.8 0.0
94.0 97.0 1.3 1.4 1.1 1.2
18.0 133.0 0.5 3.4 0.5 2.2
4 0 0.4 0.0 0.5 0.0
46.0 158.0 0.7 2.4 0.6 4.2
15 0 0.6 0.0 0.7 0.0
269.0 83.0 4.6 1.4 2.3 1.1
11 0 0.3 0.0 0.6 0.0
18.0 12.0 1.0 0.7 0.7 0.9
92 0 3.0 0.0 2.1 0.0
50 16 1.4 0.4 0.8 0.5
196.0 114.0 6.1 3.6 4.6 2.9
19 0 0.4 0.0 0.7 0.0
15 0 1.0 0.0 0.7 0.0
52.0 0.0 0.9 0.0 1.5 0.0
4 21 0.1 0.7 0.3 0.8
4 0 0.2 0.0 0.4 0.0
27 11 1.4 0.6 1.1 0.5
4 36 0.1 1.2 0.3 0.7
93.0 26.0 2.3 0.7 1.5 0.9
416.0 268.0 6.5 4.2 5.2 2.3
129 53 3.1 1.3 2.0 0.7
21 0 1.1 0.0 1.3 0.0
9.0 0.0 0.3 0.0 0.8 0.0
68.0 0.0 2.3 0.0 2.2 0.0
12 0 0.7 0.0 0.8 0.0
-5.0 0.0 -0.4 0.0 0.5 0.0
4 9 0.2 0.6 0.4 0.5
53.0 0.0 1.4 0.0 0.7 0.0
35 19 1.3 0.7 0.9 0.4
131.0 139.0 1.8 2.0 0.9 2.5
4 0 0.7 0.0 0.5 0.0
112.0 120.0 2.7 2.9 3.6 3.8
4 0 0.3 0.0 0.4 0.0
20.0 23.0 0.7 0.8 1.1 0.4
66.0 0.0 1.8 0.0 1.8 0.0
253.0 66.0 2.5 0.7 2.7 1.2
27.0 35.0 1.0 1.3 0.5 1.9
4 32 0.2 1.3 0.4 0.8
161 48 3.6 1.1 2.5 0.7
356 366 5.7 5.9 4.5 4.2
-29.0 0.0 -0.6 0.0 2.3 0.0
29 22 1.3 1.0 1.6 0.2
34.0 26.0 0.8 0.6 1.4 0.9
108.0 64.0 3.2 1.9 3.5 1.8
13 0 0.4 0.0 0.7 0.0
209.5 218.0 2.6 2.7 3.5 1.5
4 0 0.3 0.0 0.5 0.0
11 0 0.6 0.0 0.8 0.0
94.0 97.0 1.3 1.4 1.1 1.2
18.0 133.0 0.5 3.4 0.5 2.2
4 0 0.4 0.0 0.5 0.0
46.0 158.0 0.7 2.4 0.6 4.2
15 0 0.6 0.0 0.7 0.0
269.0 83.0 4.6 1.4 2.3 1.1
11 0 0.3 0.0 0.6 0.0
18.0 12.0 1.0 0.7 0.7 0.9
92 0 3.0 0.0 2.1 0.0
50 16 1.4 0.4 0.8 0.5
196.0 114.0 6.1 3.6 4.6 2.9
19 0 0.4 0.0 0.7 0.0
15 0 1.0 0.0 0.7 0.0
52.0 0.0 0.9 0.0 1.5 0.0
4 21 0.1 0.7 0.3 0.8
4 0 0.2 0.0 0.4 0.0
27 11 1.4 0.6 1.1 0.5
4 36 0.1 1.2 0.3 0.7
93.0 26.0 2.3 0.7 1.5 0.9
416.0 268.0 6.5 4.2 5.2 2.3
129 53 3.1 1.3 2.0 0.7
21 0 1.1 0.0 1.3 0.0
9.0 0.0 0.3 0.0 0.8 0.0
68.0 0.0 2.3 0.0 2.2 0.0
12 0 0.7 0.0 0.8 0.0
-5.0 0.0 -0.4 0.0 0.5 0.0
4 0 0.7 0.0 0.5 0.0
112.0 120.0 2.7 2.9 3.6 3.8
4 0 0.3 0.0 0.4 0.0
20.0 23.0 0.7 0.8 1.1 0.4
66.0 0.0 1.8 0.0 1.8 0.0
253.0 66.0 2.5 0.7 2.7 1.2
27.0 35.0 1.0 1.3 0.5 1.9
4 32 0.2 1.3 0.4 0.8
161 48 3.6 1.1 2.5 0.7
356 366 5.7 5.9 4.5 4.2
-29.0 0.0 -0.6 0.0 2.3 0.0
29 22 1.3 1.0 1.6 0.2
34.0 26.0 0.8 0.6 1.4 0.9
108.0 64.0 3.2 1.9 3.5 1.8
13 0 0.4 0.0 0.7 0.0
209.5 218.0 2.6 2.7 3.5 1.5
4 0 0.3 0.0 0.5 0.0
11 0 0.6 0.0 0.8 0.0
94.0 97.0 1.3 1.4 1.1 1.2
18.0 133.0 0.5 3.4 0.5 2.2
4 0 0.4 0.0 0.5 0.0
46.0 158.0 0.7 2.4 0.6 4.2
15 0 0.6 0.0 0.7 0.0
269.0 83.0 4.6 1.4 2.3 1.1
11 0 0.3 0.0 0.6 0.0
18.0 12.0 1.0 0.7 0.7 0.9
92 0 3.0 0.0 2.1 0.0
50 16 1.4 0.4 0.8 0.5
196.0 114.0 6.1 3.6 4.6 2.9
19 0 0.4 0.0 0.7 0.0
15 0 1.0 0.0 0.7 0.0
52.0 0.0 0.9 0.0 1.5 0.0
4 21 0.1 0.7 0.3 0.8
4 0 0.2 0.0 0.4 0.0
27 11 1.4 0.6 1.1 0.5
4 36 0.1 1.2 0.3 0.7
93.0 26.0 2.3 0.7 1.5 0.9
416.0 268.0 6.5 4.2 5.2 2.3
129 53 3.1 1.3 2.0 0.7
21 0 1.1 0.0 1.3 0.0
9.0 0.0 0.3 0.0 0.8 0.0
68.0 0.0 2.3 0.0 2.2 0.0
12 0 0.7 0.0 0.8 0.0
-5.0 0.0 -0.4 0.0 0.5 0.0
4 9 0.2 0.6 0.4 0.5
53.0 0.0 1.4 0.0 0.7 0.0
35 19 1.3 0.7 0.9 0.4
131.0 139.0 1.8 2.0 0.9 2.5
4 0 0.7 0.0 0.5 0.0
112.0 120.0 2.7 2.9 3.6 3.8
4 0 0.3 0.0 0.4 0.0
20.0 23.0 0.7 0.8 1.1 0.4
66.0 0.0 1.8 0.0 1.8 0.0
253.0 66.0 2.5 0.7 2.7 1.2
27.0 35.0 1.0 1.3 0.5 1.9
4 32 0.2 1.3 0.4 0.8
161 48 3.6 1.1 2.5 0.7
356 366 5.7 5.9 4.5 4.2
-29.0 0.0 -0.6 0.0 2.3 0.0
29 22 1.3 1.0 1.6 0.2
34.0 26.0 0.8 0.6 1.4 0.9
108.0 64.0 3.2 1.9 3.5 1.8
13 0 0.4 0.0 0.7 0.0
209.5 218.0 2.6 2.7 3.5 1.5
4 0 0.3 0.0 0.5 0.0
11 0 0.6 0.0 0.8 0.0
94.0 97.0 1.3 1.4 1.1 1.2
18.0 133.0 0.5 3.4 0.5 2.2
4 0 0.4 0.0 0.5 0.0
46.0 158.0 0.7 2.4 0.6 4.2
15 0 0.6 0.0 0.7 0.0
269.0 83.0 4.6 1.4 2.3 1.1
11 0 0.3 0.0 0.6 0.0
18.0 12.0 1.0 0.7 0.7 0.9
92 0 3.0 0.0 2.1 0.0
50 16 1.4 0.4 0.8 0.5
196.0 114.0 6.1 3.6 4.6 2.9
19 0 0.4 0.0 0.7 0.0
15 0 1.0 0.0 0.7 0.0
52.0 0.0 0.9 0.0 1.5 0.0
4 21 0.1 0.7 0.3 0.8
4 0 0.2 0.0 0.4 0.0
27 11 1.4 0.6 1.1 0.5
4 36 0.1 1.2 0.3 0.7
93.0 26.0 2.3 0.7 1.5 0.9
416.0 268.0 6.5 4.2 5.2 2.3
129 53 3.1 1.3 2.0 0.7
21 0 1.1 0.0 1.3 0.0
9.0 0.0 0.3 0.0 0.8 0.0
68.0 0.0 2.3 0.0 2.2 0.0
12 0 0.7 0.0 0.8 0.0
-5.0 0.0 -0.4 0.0 0.5 0.0
4 0 0.7 0.0 0.5 0.0
112.0 120.0 2.7 2.9 3.6 3.8
4 0 0.3 0.0 0.4 0.0
20.0 23.0 0.7 0.8 1.1 0.4
66.0 0.0 1.8 0.0 1.8 0.0
253.0 66.0 2.5 0.7 2.7 1.2
27.0 35.0 1.0 1.3 0.5 1.9
4 32 0.2 1.3 0.4 0.8
161 48 3.6 1.1 2.5 0.7
356 366 5.7 5.9 4.5 4.2
-29.0 0.0 -0.6 0.0 2.3 0.0
29 22 1.3 1.0 1.6 0.2
34.0 26.0 0.8 0.6 1.4 0.9
108.0 64.0 3.2 1.9 3.5 1.8
13 0 0.4 0.0 0.7 0.0
209.5 218.0 2.6 2.7 3.5 1.5
4 0 0.3 0.0 0.5 0.0
11 0 0.6 0.0 0.8 0.0
94.0 97.0 1.3 1.4 1.1 1.2
18.0 133.0 0.5 3.4 0.5 2.2
4 0 0.4 0.0 0.5 0.0
46.0 158.0 0.7 2.4 0.6 4.2
15 0 0.6 0.0 0.7 0.0
269.0 83.0 4.6 1.4 2.3 1.1
11 0 0.3 0.0 0.6 0.0
18.0 12.0 1.0 0.7 0.7 0.9
92 0 3.0 0.0 2.1 0.0
50 16 1.4 0.4 0.8 0.5
196.0 114.0 6.1 3.6 4.6 2.9
19 0 0.4 0.0 0.7 0.0
15 0 1.0 0.0 0.7 0.0
52.0 0.0 0.9 0.0 1.5 0.0
4 21 0.1 0.7 0.3 0.8
4 0 0.2 0.0 0.4 0.0
27 11 1.4 0.6 1.1 0.5
4 36 0.1 1.2 0.3 0.7
93.0 26.0 2.3 0.7 1.5 0.9
416.0 268.0 6.5 4.2 5.2 2.3
129 53 3.1 1.3 2.0 0.7
21 0 1.1 0.0 1.3 0.0
9.0 0.0 0.3 0.0 0.8 0.0
68.0 0.0 2.3 0.0 2.2 0.0
12 0 0.7 0.0 0.8 0.0
-5.0 0.0 -0.4 0.0 0.5 0.0
4 9 0.2 0.6 0.4 0.5
53.0 0.0 1.4 0.0 0.7 0.0
35 19 1.3 0.7 0.9 0.4
131.0 139.0 1.8 2.0 0.9 2.5
4 0 0.7 0.0 0.5 0.0
112.0 120.0 2.7 2.9 3.6 3.8
4 0 0.3 0.0 0.4 0.0
20.0 23.0 0.7 0.8 1.1 0.4
66.0 0.0 1.8 0.0 1.8 0.0
253.0 66.0 2.5 0.7 2.7 1.2
27.0 35.0 1.0 1.3 0.5 1.9
4 32 0.2 1.3 0.4 0.8
161 48 3.6 1.1 2.5 0.7
356 366 5.7 5.9 4.5 4.2
-29.0 0.0 -0.6 0.0 2.3 0.0
29 22 1.3 1.0 1.6 0.2
34.0 26.0 0.8 0.6 1.4 0.9
108.0 64.0 3.2 1.9 3.5 1.8
13 0 0.4 0.0 0.7 0.0
209.5 218.0 2.6 2.7 3.5 1.5
4 0 0.3 0.0 0.5 0.0
11 0 0.6 0.0 0.8 0.0
94.0 97.0 1.3 1.4 1.1 1.2
18.0 133.0 0.5 3.4 0.5 2.2
4 0 0.4 0.0 0.5 0.0
46.0 158.0 0.7 2.4 0.6 4.2
15 0 0.6 0.0 0.7 0.0
269.0 83.0 4.6 1.4 2.3 1.1
11 0 0.3 0.0 0.6 0.0
18.0 12.0 1.0 0.7 0.7 0.9
92 0 3.0 0.0 2.1 0.0
50 16 1.4 0.4 0.8 0.5
196.0 114.0 6.1 3.6 4.6 2.9
19 0 0.4 0.0 0.7 0.0
15 0 1.0 0.0 0.7 0.0
52.0 0.0 0.9 0.0 1.5 0.0
4 21 0.1 0.7 0.3 0.8
4 0 0.2 0.0 0.4 0.0
27 11 1.4 0.6 1.1 0.5
4 36 0.1 1.2 0.3 0.7
93.0 26.0 2.3 0.7 1.5 0.9
416.0 268.0 6.5 4.2 5.2 2.3
129 53 3.1 1.3 2.0 0.7
21 0 1.1 0.0 1.3 0.0
9.0 0.0 0.3 0.0 0.8 0.0
68.0 0.0 2.3 0.0 2.2 0.0
12 0 0.7 0.0 0.8 0.0
-5.0 0.0 -0.4 0.0 0.5 0.0
4 0 0.7 0.0 0.5 0.0
112.0 120.0 2.7 2.9 3.6 3.8
4 0 0.3 0.0 0.4 0.0
20.0 23.0 0.7 0.8 1.1 0.4
66.0 0.0 1.8 0.0 1.8 0.0
253.0 66.0 2.5 0.7 2.7 1.2
27.0 35.0 1.0 1.3 0.5 1.9
4 32 0.2 1.3 0.4 0.8
161 48 3.6 1.1 2.5 0.7
356 366 5.7 5.9 4.5 4.2
-29.0 0.0 -0.6 0.0 2.3 0.0
29 22 1.3 1.0 1.6 0.2
34.0 26.0 0.8 0.6 1.4 0.9
108.0 64.0 3.2 1.9 3.5 1.8
13 0 0.4 0.0 0.7 0.0
209.5 218.0 2.6 2.7 3.5 1.5
4 0 0.3 0.0 0.5 0.0
11 0 0.6 0.0 0.8 0.0
94.0 97.0 1.3 1.4 1.1 1.2
18.0 133.0 0.5 3.4 0.5 2.2
4 0 0.4 0.0 0.5 0.0
46.0 158.0 0.7 2.4 0.6 4.2
15 0 0.6 0.0 0.7 0.0
269.0 83.0 4.6 1.4 2.3 1.1
11 0 0.3 0.0 0.6 0.0
18.0 12.0 1.0 0.7 0.7 0.9
92 0 3.0 0.0 2.1 0.0
50 16 1.4 0.4 0.8 0.5
196.0 114.0 6.1 3.6 4.6 2.9
19 0 0.4 0.0 0.7 0.0
15 0 1.0 0.0 0.7 0.0
52.0 0.0 0.9 0.0 1.5 0.0
4 21 0.1 0.7 0.3 0.8
4 0 0.2 0.0 0.4 0.0
27 11 1.4 0.6 1.1 0.5
4 36 0.1 1.2 0.3 0.7
93.0 26.0 2.3 0.7 1.5 0.9
416.0 268.0 6.5 4.2 5.2 2.3
129 53 3.1 1.3 2.0 0.7
21 0 1.1 0.0 1.3 0.0
9.0 0.0 0.3 0.0 0.8 0.0
68.0 0.0 2.3 0.0 2.2 0.0
12 0 0.7 0.0 0.8 0.0
-5.0 0.0 -0.4 0.0 0.5 0.0
4 9 0.2 0.6 0.4 0.5
53.0 0.0 1.4 0.0 0.7 0.0
35 19 1.3 0.7 0.9 0.4
131.0 139.0 1.8 2.0 0.9 2.5
4 0 0.7 0.0 0.5 0.0
112.0 120.0 2.7 2.9 3.6 3.8
4 0 0.3 0.0 0.4 0.0
20.0 23.0 0.7 0.8 1.1 0.4
66.0 0.0 1.8 0.0 1.8 0.0
253.0 66.0 2.5 0.7 2.7 1.2
27.0 35.0 1.0 1.3 0.5 1.9
4 32 0.2 1.3 0.4 0.8
161 48 3.6 1.1 2.5 0.7
356 366 5.7 5.9 4.5 4.2
-29.0 0.0 -0.6 0.0 2.3 0.0
29 22 1.3 1.0 1.6 0.2
34.0 26.0 0.8 0.6 1.4 0.9
108.0 64.0 3.2 1.9 3.5 1.8
13 0 0.4 0.0 0.7 0.0
209.5 218.0 2.6 2.7 3.5 1.5
4 0 0.3 0.0 0.5 0.0
11 0 0.6 0.0 0.8 0.0
94.0 97.0 1.3 1.4 1.1 1.2
18.0 133.0 0.5 3.4 0.5 2.2
4 0 0.4 0.0 0.5 0.0
46.0 158.0 0.7 2.4 0.6 4.2
15 0 0.6 0.0 0.7 0.0
269.0 83.0 4.6 1.4 2.3 1.1
11 0 0.3 0.0 0.6 0.0
18.0 12.0 1.0 0.7 0.7 0.9
92 0 3.0 0.0 2.1 0.0
50 16 1.4 0.4 0.8 0.5
196.0 114.0 6.1 3.6 4.6 2.9
19 0 0.4 0.0 0.7 0.0
15 0 1.0 0.0 0.7 0.0
52.0 0.0 0.9 0.0 1.5 0.0
4 21 0.1 0.7 0.3 0.8
4 0 0.2 0.0 0.4 0.0
27 11 1.4 0.6 1.1 0.5
4 36 0.1 1.2 0.3 0.7
93.0 26.0 2.3 0.7 1.5 0.9
416.0 268.0 6.5 4.2 5.2 2.3
129 53 3.1 1.3 2.0 0.7
21 0 1.1 0.0 1.3 0.0
9.0 0.0 0.3 0.0 0.8 0.0
68.0 0.0 2.3 0.0 2.2 0.0
12 0 0.7 0.0 0.8 0.0
-5.0 0.0 -0.4 0.0 0.5 0.0
4 0 0.7 0.0 0.5 0.0
112.0 120.0 2.7 2.9 3.6 3.8
4 0 0.3 0.0 0.4 0.0
20.0 23.0 0.7 0.8 1.1 0.4
66.0 0.0 1.8 0.0 1.8 0.0
253.0 66.0 2.5 0.7 2.7 1.2
27.0 35.0 1.0 1.3 0.5 1.9
4 32 0.2 1.3 0.4 0.8
161 48 3.6 1.1 2.5 0.7
356 366 5.7 5.9 4.5 4.2
-29.0 0.0 -0.6 0.0 2.3 0.0
29 22 1.3 1.0 1.6 0.2
34.0 26.0 0.8 0.6 1.4 0.9
108.0 64.0 3.2 1.9 3.5 1.8
13 0 0.4 0.0 0.7 0.0
209.5 218.0 2.6 2.7 3.5 1.5
4 0 0.3 0.0 0.5 0.0
11 0 0.6 0.0 0.8 0.0
94.0 97.0 1.3 1.4 1.1 1.2
18.0 133.0 0.5 3.4 0.5 2.2
4 0 0.4 0.0 0.5 0.0
46.0 158.0 0.7 2.4 0.6 4.2
15 0 0.6 0.0 0.7 0.0
269.0 83.0 4.6 1.4 2.3 1.1
11 0 0.3 0.0 0.6 0.0
18.0 12.0 1.0 0.7 0.7 0.9
92 0 3.0 0.0 2.1 0.0
50 16 1.4 0.4 0.8 0.5
196.0 114.0 6.1 3.6 4.6 2.9
19 0 0.4 0.0 0.7 0.0
15 0 1.0 0.0 0.7 0.0
52.0 0.0 0.9 0.0 1.5 0.0
4 21 0.1 0.7 0.3 0.8
4 0 0.2 0.0 0.4 0.0
27 11 1.4 0.6 1.1 0.5
4 36 0.1 1.2 0.3 0.7
93.0 26.0 2.3 0.7 1.5 0.9
416.0 268.0 6.5 4.2 5.2 2.3
129 53 3.1 1.3 2.0 0.7
21 0 1.1 0.0 1.3 0.0
9.0 0.0 0.3 0.0 0.8 0.0
68.0 0.0 2.3 0.0 2.2 0.0
12 0 0.7 0.0 0.8 0.0
-5.0 0.0 -0.4 0.0 0.5 0.0
4 9 0.2 0.6 0.4 0.5
53.0 0.0 1.4 0.0 0.7 0.0
35 19 1.3 0.7 0.9 0.4
131.0 139.0 1.8 2.0 0.9 2.5
4 0 0.7 0.0 0.5 0.0
112.0 120.0 2.7 2.9 3.6 3.8
4 0 0.3 0.0 0.4 0.0
20.0 23.0 0.7 0.8 1.1 0.4
66.0 0.0 1.8 0.0 1.8 0.0
253.0 66.0 2.5 0.7 2.7 1.2
27.0 35.0 1.0 1.3 0.5 1.9
4 32 0.2 1.3 0.4 0.8
161 48 3.6 1.1 2.5 0.7
356 366 5.7 5.9 4.5 4.2
-29.0 0.0 -0.6 0.0 2.3 0.0
29 22 1.3 1.0 1.6 0.2
34.0 26.0 0.8 0.6 1.4 0.9
108.0 64.0 3.2 1.9 3.5 1.8
13 0 0.4 0.0 0.7 0.0
209.5 218.0 2.6 2.7 3.5 1.5
4 0 0.3 0.0 0.5 0.0
11 0 0.6 0.0 0.8 0.0
94.0 97.0 1.3 1.4 1.1 1.2
18.0 133.0 0.5 3.4 0.5 2.2
4 0 0.4 0.0 0.5 0.0
46.0 158.0 0.7 2.4 0.6 4.2
15 0 0.6 0.0 0.7 0.0
269.0 83.0 4.6 1.4 2.3 1.1
11 0 0.3 0.0 0.6 0.0
18.0 12.0 1.0 0.7 0.7 0.9
92 0 3.0 0.0 2.1 0.0
50 16 1.4 0.4 0.8 0.5
196.0 114.0 6.1 3.6 4.6 2.9
19 0 0.4 0.0 0.7 0.0
15 0 1.0 0.0 0.7 0.0
52.0 0.0 0.9 0.0 1.5 0.0
4 21 0.1 0.7 0.3 0.8
4 0 0.2 0.0 0.4 0.0
27 11 1.4 0.6 1.1 0.5
4 36 0.1 1.2 0.3 0.7
93.0 26.0 2.3 0.7 1.5 0.9
416.0 268.0 6.5 4.2 5.2 2.3
129 53 3.1 1.3 2.0 0.7
21 0 1.1 0.0 1.3 0.0
9.0 0.0 0.3 0.0 0.8 0.0
68.0 0.0 2.3 0.0 2.2 0.0
12 0 0.7 0.0 0.8 0.0
-5.0 0.0 -0.4 0.0 0.5 0.0
4 0 0.7 0.0 0.5 0.0
112.0 120.0 2.7 2.9 3.6 3.8
4 0 0.3 0.0 0.4 0.0
20.0 23.0 0.7 0.8 1.1 0.4
66.0 0.0 1.8 0.0 1.8 0.0
253.0 66.0 2.5 0.7 2.7 1.2
27.0 35.0 1.0 1.3 0.5 1.9
4 32 0.2 1.3 0.4 0.8
161 48 3.6 1.1 2.5 0.7
356 366 5.7 5.9 4.5 4.2
-29.0 0.0 -0.6 0.0 2.3 0.0
29 22 1.3 1.0 1.6 0.2
34.0 26.0 0.8 0.6 1.4 0.9
108.0 64.0 3.2 1.9 3.5 1.8
13 0 0.4 0.0 0.7 0.0
209.5 218.0 2.6 2.7 3.5 1.5
4 0 0.3 0.0 0.5 0.0
11 0 0.6 0.0 0.8 0.0
94.0 97.0 1.3 1.4 1.1 1.2
18.0 133.0 0.5 3.4 0.5 2.2
4 0 0.4 0.0 0.5 0.0
46.0 158.0 0.7 2.4 0.6 4.2
15 0 0.6 0.0 0.7 0.0
269.0 83.0 4.6 1.4 2.3 1.1
11 0 0.3 0.0 0.6 0.0
18.0 12.0 1.0 0.7 0.7 0.9
92 0 3.0 0.0 2.1 0.0
50 16 1.4 0.4 0.8 0.5
196.0 114.0 6.1 3.6 4.6 2.9
19 0 0.4 0.0 0.7 0.0
15 0 1.0 0.0 0.7 0.0
52.0 0.0 0.9 0.0 1.5 0.0
4 21 0.1 0.7 0.3 0.8
4 0 0.2 0.0 0.4 0.0
27 11 1.4 0.6 1.1 0.5
4 36 0.1 1.2 0.3 0.7
93.0 26.0 2.3 0.7 1.5 0.9
416.0 268.0 6.5 4.2 5.2 2.3
129 53 3.1 1.3 2.0 0.7
21 0 1.1 0.0 1.3 0.0
9.0 0.0 0.3 0.0 0.8 0.0
68.0 0.0 2.3 0.0 2.2 0.0
12 0 0.7 0.0 0.8 0.0
-5.0 0.0 -0.4 0.0 0.5 0.0
4 9 0.2 0.6 0.4 0.5
53.0 0.0 1.4 0.0 0.7 0.0
35 19 1.3 0.7 0.9 0.4
131.0 139.0 1.8 2.0 0.9 2.5
4 0 0.7 0.0 0.5 0.0
112.0 120.0 2.7 2.9 3.6 3.8
4 0 0.3 0.0 0.4 0.0
20.0 23.0 0.7 0.8 1.1 0.4
66.0 0.0 1.8 0.0 1.8 0.0
253.0 66.0 2.5 0.7 2.7 1.2
27.0 35.0 1.0 1.3 0.5 1.9
4 32 0.2 1.3 0.4 0.8
161 48 3.6 1.1 2.5 0.7
356 366 5.7 5.9 4.5 4.2
-29.0 0.0 -0.6 0.0 2.3 0.0
29 22 1.3 1.0 1.6 0.2
34.0 26.0 0.8 0.6 1.4 0.9
108.0 64.0 3.2 1.9 3.5 1.8
13 0 0.4 0.0 0.7 0.0
209.5 218.0 2.6 2.7 3.5 1.5
4 0 0.3 0.0 0.5 0.0
11 0 0.6 0.0 0.8 0.0
94.0 97.0 1.3 1.4 1.1 1.2
18.0 133.0 0.5 3.4 0.5 2.2
4 0 0.4 0.0 0.5 0.0
46.0 158.0 0.7 2.4 0.6 4.2
15 0 0.6 0.0 0.7 0.0
269.0 83.0 4.6 1.4 2.3 1.1
11 0 0.3 0.0 0.6 0.0
18.0 12.0 1.0 0.7 0.7 0.9
92 0 3.0 0.0 2.1 0.0
50 16 1.4 0.4 0.8 0.5
196.0 114.0 6.1 3.6 4.6 2.9
19 0 0.4 0.0 0.7 0.0
15 0 1.0 0.0 0.7 0.0
52.0 0.0 0.9 0.0 1.5 0.0
4 21 0.1 0.7 0.3 0.8
4 0 0.2 0.0 0.4 0.0
27 11 1.4 0.6 1.1 0.5
4 36 0.1 1.2 0.3 0.7
93.0 26.0 2.3 0.7 1.5 0.9
416.0 268.0 6.5 4.2 5.2 2.3
129 53 3.1 1.3 2.0 0.7
21 0 1.1 0.0 1.3 0.0
9.0 0.0 0.3 0.0 0.8 0.0
68.0 0.0 2.3 0.0 2.2 0.0
12 0 0.7 0.0 0.8 0.0
-5.0 0.0 -0.4 0.0 0.5 0.0
4 0 0.7 0.0 0.5 0.0
112.0 120.0 2.7 2.9 3.6 3.8
4 0 0.3 0.0 0.4 0.0
20.0 23.0 0.7 0.8 1.1 0.4
66.0 0.0 1.8 0.0 1.8 0.0
253.0 66.0 2.5 0.7 2.7 1.2
27.0 35.0 1.0 1.3 0.5 1.9
4 32 0.2 1.3 0.4 0.8
161 48 3.6 1.1 2.5 0.7
356 366 5.7 5.9 4.5 4.2
-29.0 0.0 -0.6 0.0 2.3 0.0
29 22 1.3 1.0 1.6 0.2
34.0 26.0 0.8 0.6 1.4 0.9
108.0 64.0 3.2 1.9 3.5 1.8
13 0 0.4 0.0 0.7 0.0
209.5 218.0 2.6 2.7 3.5 1.5
4 0 0.3 0.0 0.5 0.0
11 0 0.6 0.0 0.8 0.0
94.0 97.0 1.3 1.4 1.1 1.2
18.0 133.0 0.5 3.4 0.5 2.2
4 0 0.4 0.0 0.5 0.0
46.0 158.0 0.7 2.4 0.6 4.2
15 0 0.6 0.0 0.7 0.0
269.0 83.0 4.6 1.4 2.3 1.1
11 0 0.3 0.0 0.6 0.0
18.0 12.0 1.0 0.7 0.7 0.9
92 0 3.0 0.0 2.1 0.0
50 16 1.4 0.4 0.8 0.5
196.0 114.0 6.1 3.6 4.6 2.9
19 0 0.4 0.0 0.7 0.0
15 0 1.0 0.0 0.7 0.0
52.0 0.0 0.9 0.0 1.5 0.0
4 21 0.1 0.7 0.3 0.8
4 0 0.2 0.0 0.4 0.0
27 11 1.4 0.6 1.1 0.5
4 36 0.1 1.2 0.3 0.7
93.0 26.0 2.3 0.7 1.5 0.9
416.0 268.0 6.5 4.2 5.2 2.3
129 53 3.1 1.3 2.0 0.7
21 0 1.1 0.0 1.3 0.0
9.0 0.0 0.3 0.0 0.8 0.0
68.0 0.0 2.3 0.0 2.2 0.0
12 0 0.7 0.0 0.8 0.0
-5.0 0.0 -0.4 0.0 0.5 0.0
4 9 0.2 0.6 0.4 0.5
53.0 0.0 1.4 0.0 0.7 0.0
35 19 1.3 0.7 0.9 0.4
131.0 139.0 1.8 2.0 0.9 2.5
4 0 0.7 0.0 0.5 0.0
112.0 120.0 2.7 2.9 3.6 3.8
4 0 0.3 0.0 0.4 0.0
20.0 23.0 0.7 0.8 1.1 0.4
66.0 0.0 1.8 0.0 1.8 0.0
253.0 66.0 2.5 0.7 2.7 1.2
27.0 35.0 1.0 1.3 0.5 1.9
4 32 0.2 1.3 0.4 0.8
161 48 3.6 1.1 2.5 0.7
356 366 5.7 5.9 4.5 4.2
-29.0 0.0 -0.6 0.0 2.3 0.0
29 22 1.3 1.0 1.6 0.2
34.0 26.0 0.8 0.6 1.4 0.9
108.0 64.0 3.2 1.9 3.5 1.8
13 0 0.4 0.0 0.7 0.0
209.5 218.0 2.6 2.7 3.5 1.5
4 0 0.3 0.0 0.5 0.0
11 0 0.6 0.0 0.8 0.0
94.0 97.0 1.3 1.4 1.1 1.2
18.0 133.0 0.5 3.4 0.5 2.2
4 0 0.4 0.0 0.5 0.0
46.0 158.0 0.7 2.4 0.6 4.2
15 0 0.6 0.0 0.7 0.0
269.0 83.0 4.6 1.4 2.3 1.1
11 0 0.3 0.0 0.6 0.0
18.0 12.0 1.0 0.7 0.7 0.9
92 0 3.0 0.0 2.1 0.0
50 16 1.4 0.4 0.8 0.5
196.0 114.0 6.1 3.6 4.6 2.9
19 0 0.4 0.0 0.7 0.0
15 0 1.0 0.0 0.7 0.0
52.0 0.0 0.9 0.0 1.5 0.0
4 21 0.1 0.7 0.3 0.8
4 0 0.2 0.0 0.4 0.0
27 11 1.4 0.6 1.1 0.5
4 36 0.1 1.2 0.3 0.7
93.0 26.0 2.3 0.7 1.5 0.9
416.0 268.0 6.5 4.2 5.2 2.3
129 53 3.1 1.3 2.0 0.7
21 0 1.1 0.0 1.3 0.0
9.0 0.0 0.3 0.0 0.8 0.0
68.0 0.0 2.3 0.0 2.2 0.0
12 0 0.7 0.0 0.8 0.0
-5.0 0.0 -0.4 0.0 0.5 0.0
4 0 0.7 0.0 0.5 0.0
112.0 120.0 2.7 2.9 3.6 3.8
4 0 0.3 0.0 0.4 0.0
20.0 23.0 0.7 0.8 1.1 0.4
66.0 0.0 1.8 0.0 1.8 0.0
253.0 66.0 2.5 0.7 2.7 1.2
27.0 35.0 1.0 1.3 0.5 1.9
4 32 0.2 1.3 0.4 0.8
161 48 3.6 1.1 2.5 0.7
356 366 5.7 5.9 4.5 4.2
-29.0 0.0 -0.6 0.0 2.3 0.0
29 22 1.3 1.0 1.6 0.2
34.0 26.0 0.8 0.6 1.4 0.9
108.0 64.0 3.2 1.9 3.5 1.8
13 0 0.4 0.0 0.7 0.0
209.5 218.0 2.6 2.7 3.5 1.5
4 0 0.3 0.0 0.5 0.0
11 0 0.6 0.0 0.8 0.0
94.0 97.0 1.3 1.4 1.1 1.2
18.0 133.0 0.5 3.4 0.5 2.2
4 0 0.4 0.0 0.5 0.0
46.0 158.0 0.7 2.4 0.6 4.2
15 0 0.6 0.0 0.7 0.0
269.0 83.0 4.6 1.4 2.3 1.1
11 0 0.3 0.0 0.6 0.0
18.0 12.0 1.0 0.7 0.7 0.9
92 0 3.0 0.0 2.1 0.0
50 16 1.4 0.4 0.8 0.5
196.0 114.0 6.1 3.6 4.6 2.9
19 0 0.4 0.0 0.7 0.0
15 0 1.0 0.0 0.7 0.0
52.0 0.0 0.9 0.0 1.5 0.0
4 21 0.1 0.7 0.3 0.8
4 0 0.2 0.0 0.4 0.0
27 11 1.4 0.6 1.1 0.5
4 36 0.1 1.2 0.3 0.7
93.0 26.0 2.3 0.7 1.5 0.9
416.0 268.0 6.5 4.2 5.2 2.3
129 53 3.1 1.3 2.0 0.7
21 0 1.1 0.0 1.3 0.0
9.0 0.0 0.3 0.0 0.8 0.0
68.0 0.0 2.3 0.0 2.2 0.0
12 0 0.7 0.0 0.8 0.0
-5.0 0.0 -0.4 0.0 0.5 0.0
4 9 0.2 0.6 0.4 0.5
53.0 0.0 1.4 0.0 0.7 0.0
35 19 1.3 0.7 0.9 0.4
131.0 139.0 1.8 2.0 0.9 2.5
4 0 0.7 0.0 0.5 0.0
112.0 120.0 2.7 2.9 3.6 3.8
4 0 0.3 0.0 0.4 0.0
20.0 23.0 0.7 0.8 1.1 0.4
66.0 0.0 1.8 0.0 1.8 0.0
253.0 66.0 2.5 0.7 2.7 1.2
27.0 35.0 1.0 1.3 0.5 1.9
4 32 0.2 1.3 0.4 0.8
161 48 3.6 1.1 2.5 0.7
356 366 5.7 5.9 4.5 4.2
-29.0 0.0 -0.6 0.0 2.3 0.0
29 22 1.3 1.0 1.6 0.2
34.0 26.0 0.8 0.6 1.4 0.9
108.0 64.0 3.2 1.9 3.5 1.8
13 0 0.4 0.0 0.7 0.0
209.5 218.0 2.6 2.7 3.5 1.5
4 0 0.3 0.0 0.5 0.0
11 0 0.6 0.0 0.8 0.0
94.0 97.0 1.3 1.4 1.1 1.2
18.0 133.0 0.5 3.4 0.5 2.2
4 0 0.4 0.0 0.5 0.0
46.0 158.0 0.7 2.4 0.6 4.2
15 0 0.6 0.0 0.7 0.0
269.0 83.0 4.6 1.4 2.3 1.1
